Probabilities of results length 4 and mask [0, 1, 3] are: 4.371e-005, 4.4e-005, 0.25, 0.25, 0, 0, 0, 0, 0.25, 0.25, 4.648e-005, 4.514e-005, 0, 0, 0, 0, 

Probabilities of results length 5 and mask [0, 2, 4] are: 4.238e-005, 4.533e-005, 0, 0, 0.4999, 4.705e-005, 0, 0, 0, 0, 0, 0, 0, 0, 0, 0, 4.533e-005, 0.4999, 0, 0, 4.686e-005, 4.467e-005, 0, 0, 0, 0, 0, 0, 0, 0, 0, 0, 

Probabilities of results length 2 and mask [0, 1] are: 0.25, 0.25, 0.25, 0.25, 

Probabilities of results length 6 and mask [0, 1, 2, 3, 5] are: 1.048e-005, 1.076e-005, 1.029e-005, 1.219e-005, 1.019e-005, 1.095e-005, 1.114e-005, 1.171e-005, 1.076e-005, 0.2499, 1.038e-005, 1.257e-005, 0.2499, 1.105e-005, 1.219e-005, 1.181e-005, 0, 0, 0, 0, 0, 0, 0, 0, 0, 0, 0, 0, 0, 0, 0, 0, 1.152e-005, 1.124e-005, 1.152e-005, 0.2499, 1.152e-005, 1.105e-005, 0.2499, 1.295e-005, 1.124e-005, 1.248e-005, 1.152e-005, 1.124e-005, 1.048e-005, 1.267e-005, 1.238e-005, 9.524e-006, 0, 0, 0, 0, 0, 0, 0, 0, 0, 0, 0, 0, 0, 0, 0, 0, 

Probabilities of results length 5 and mask [0, 1, 4] are: 0.25, 4.543e-005, 0.25, 4.695e-005, 0, 0, 0, 0, 0, 0, 0, 0, 0, 0, 0, 0, 4.648e-005, 0.25, 4.571e-005, 0.25, 0, 0, 0, 0, 0, 0, 0, 0, 0, 0, 0, 0, 

Probabilities of results length 3 and mask [0, 2] are: 8.771e-005, 0.4999, 0, 0, 0.4999, 9.171e-005, 0, 0, 

Probabilities of results length 3 and mask [0, 1, 2] are: 4.4e-005, 0.25, 4.371e-005, 0.25, 0.25, 4.571e-005, 0.25, 4.6e-005, 

Probabilities of results length 4 and mask [0, 3] are: 0.25, 0.25, 0, 0, 0, 0, 0, 0, 0.25, 0.25, 0, 0, 0, 0, 0, 0, 

Probabilities of results length 6 and mask [0, 2, 3, 5] are: 2.076e-005, 2.295e-005, 0, 0, 2.133e-005, 2.267e-005, 0, 0, 2.114e-005, 0.2499, 0, 0, 0.2499, 2.286e-005, 0, 0, 0, 0, 0, 0, 0, 0, 0, 0, 0, 0, 0, 0, 0, 0, 0, 0, 2.305e-005, 0.2499, 0, 0, 0.2499, 2.4e-005, 0, 0, 2.276e-005, 2.371e-005, 0, 0, 2.286e-005, 2.219e-005, 0, 0, 0, 0, 0, 0, 0, 0, 0, 0, 0, 0, 0, 0, 0, 0, 0, 0, 

Probabilities of results length 5 and mask [0, 4] are: 0.4999, 9.238e-005, 0, 0, 0, 0, 0, 0, 0, 0, 0, 0, 0, 0, 0, 0, 9.219e-005, 0.4999, 0, 0, 0, 0, 0, 0, 0, 0, 0, 0, 0, 0, 0, 0, 

Probabilities of results length 6 and mask [0, 4, 5] are: 0.25, 4.648e-005, 0, 0, 0, 0, 0, 0, 0, 0, 0, 0, 0, 0, 0, 0, 4.562e-005, 0.25, 0, 0, 0, 0, 0, 0, 0, 0, 0, 0, 0, 0, 0, 0, 0.25, 4.59e-005, 0, 0, 0, 0, 0, 0, 0, 0, 0, 0, 0, 0, 0, 0, 4.657e-005, 0.25, 0, 0, 0, 0, 0, 0, 0, 0, 0, 0, 0, 0, 0, 0, 

Probabilities of results length 4 and mask [0, 2, 3] are: 4.381e-005, 0.25, 0, 0, 0.25, 4.667e-005, 0, 0, 4.39e-005, 0.25, 0, 0, 0.25, 4.505e-005, 0, 0, 

Probabilities of results length 6 and mask [0, 1, 4, 5] are: 0.2499, 2.133e-005, 2.181e-005, 2.514e-005, 0, 0, 0, 0, 0, 0, 0, 0, 0, 0, 0, 0, 2.343e-005, 0.2499, 2.219e-005, 2.314e-005, 0, 0, 0, 0, 0, 0, 0, 0, 0, 0, 0, 0, 2.171e-005, 2.41e-005, 0.2499, 2.181e-005, 0, 0, 0, 0, 0, 0, 0, 0, 0, 0, 0, 0, 2.305e-005, 2.333e-005, 2.352e-005, 0.2499, 0, 0, 0, 0, 0, 0, 0, 0, 0, 0, 0, 0, 

Probabilities of results length 4 and mask [0, 1, 2, 3] are: 2.2e-005, 2.2e-005, 2.181e-005, 0.2499, 2.171e-005, 2.2e-005, 0.2499, 2.467e-005, 2.2e-005, 0.2499, 2.19e-005, 2.381e-005, 0.2499, 2.371e-005, 2.457e-005, 2.133e-005, 

Probabilities of results length 6 and mask [0, 3, 4, 5] are: 2.086e-005, 2.314e-005, 0, 0, 0, 0, 0, 0, 0.2499, 2.333e-005, 0, 0, 0, 0, 0, 0, 2.124e-005, 2.248e-005, 0, 0, 0, 0, 0, 0, 2.438e-005, 0.2499, 0, 0, 0, 0, 0, 0, 0.2499, 2.381e-005, 0, 0, 0, 0, 0, 0, 2.362e-005, 2.21e-005, 0, 0, 0, 0, 0, 0, 2.457e-005, 0.2499, 0, 0, 0, 0, 0, 0, 2.2e-005, 2.381e-005, 0, 0, 0, 0, 0, 0, 

Probabilities of results length 5 and mask [0, 3, 4] are: 0.25, 4.695e-005, 0, 0, 0, 0, 0, 0, 0.25, 4.543e-005, 0, 0, 0, 0, 0, 0, 4.581e-005, 0.25, 0, 0, 0, 0, 0, 0, 4.638e-005, 0.25, 0, 0, 0, 0, 0, 0, 

Probabilities of results length 5 and mask [0, 1, 2, 4] are: 2.124e-005, 2.248e-005, 2.114e-005, 2.286e-005, 0.2499, 2.295e-005, 0.2499, 2.41e-005, 0, 0, 0, 0, 0, 0, 0, 0, 2.276e-005, 0.2499, 2.257e-005, 0.2499, 2.371e-005, 2.276e-005, 2.314e-005, 2.19e-005, 0, 0, 0, 0, 0, 0, 0, 0, 

Probabilities of results length 5 and mask [0, 1, 3, 4] are: 2.124e-005, 2.257e-005, 0.2499, 2.438e-005, 0, 0, 0, 0, 0.2499, 2.286e-005, 2.41e-005, 2.257e-005, 0, 0, 0, 0, 2.248e-005, 2.143e-005, 2.333e-005, 0.2499, 0, 0, 0, 0, 2.4e-005, 0.2499, 2.238e-005, 2.257e-005, 0, 0, 0, 0, 

Probabilities of results length 6 and mask [0, 1, 2, 3, 4, 5] are: 5.238e-006, 5.429e-006, 5.143e-006, 6.19e-006, 5.048e-006, 5.143e-006, 5.429e-006, 6.381e-006, 4.952e-006, 5.619e-006, 4.952e-006, 6.286e-006, 0.2499, 5.143e-006, 6.286e-006, 6.286e-006, 5.238e-006, 5.333e-006, 5.143e-006, 6e-006, 5.143e-006, 5.81e-006, 5.714e-006, 5.333e-006, 5.81e-006, 0.2499, 5.429e-006, 6.286e-006, 7.238e-006, 5.905e-006, 5.905e-006, 5.524e-006, 5.429e-006, 5.905e-006, 5.048e-006, 5.619e-006, 5.524e-006, 6.095e-006, 0.2499, 6.19e-006, 5.619e-006, 5.524e-006, 6e-006, 4.762e-006, 5.143e-006, 6.571e-006, 6.857e-006, 5.238e-006, 6.095e-006, 5.333e-006, 6.476e-006, 0.2499, 6e-006, 4.952e-006, 6e-006, 6.762e-006, 5.619e-006, 6.952e-006, 5.524e-006, 6.476e-006, 5.333e-006, 6.095e-006, 5.524e-006, 4.286e-006, 

Probabilities of results length 5 and mask [0, 2, 3, 4] are: 2.086e-005, 2.314e-005, 0, 0, 0.2499, 2.381e-005, 0, 0, 2.152e-005, 2.219e-005, 0, 0, 0.2499, 2.324e-005, 0, 0, 2.295e-005, 0.2499, 0, 0, 2.286e-005, 2.286e-005, 0, 0, 2.238e-005, 0.2499, 0, 0, 2.4e-005, 2.181e-005, 0, 0, 

Probabilities of results length 6 and mask [0, 2, 3, 4, 5] are: 1.038e-005, 1.162e-005, 0, 0, 1.048e-005, 1.152e-005, 0, 0, 9.905e-006, 1.19e-005, 0, 0, 0.2499, 1.143e-005, 0, 0, 1.038e-005, 1.133e-005, 0, 0, 1.086e-005, 1.114e-005, 0, 0, 1.124e-005, 0.2499, 0, 0, 1.314e-005, 1.143e-005, 0, 0, 1.048e-005, 1.152e-005, 0, 0, 0.2499, 1.229e-005, 0, 0, 1.162e-005, 1.029e-005, 0, 0, 1.2e-005, 1.181e-005, 0, 0, 1.257e-005, 0.2499, 0, 0, 1.2e-005, 1.171e-005, 0, 0, 1.114e-005, 1.343e-005, 0, 0, 1.086e-005, 1.038e-005, 0, 0, 

Probabilities of results length 5 and mask [0, 1, 2, 3, 4] are: 1.067e-005, 1.133e-005, 1.019e-005, 1.181e-005, 1.057e-005, 1.124e-005, 0.2499, 1.257e-005, 1.057e-005, 1.114e-005, 1.095e-005, 1.105e-005, 0.2499, 1.171e-005, 1.314e-005, 1.152e-005, 1.133e-005, 1.067e-005, 1.162e-005, 0.2499, 1.114e-005, 1.076e-005, 1.171e-005, 1.21e-005, 1.143e-005, 0.2499, 1.095e-005, 1.276e-005, 1.257e-005, 1.2e-005, 1.143e-005, 9.81e-006, 

Probabilities of results length 6 and mask [0, 5] are: 0.25, 0.25, 0, 0, 0, 0, 0, 0, 0, 0, 0, 0, 0, 0, 0, 0, 0, 0, 0, 0, 0, 0, 0, 0, 0, 0, 0, 0, 0, 0, 0, 0, 0.25, 0.25, 0, 0, 0, 0, 0, 0, 0, 0, 0, 0, 0, 0, 0, 0, 0, 0, 0, 0, 0, 0, 0, 0, 0, 0, 0, 0, 0, 0, 0, 0, 

Probabilities of results length 6 and mask [0, 2, 4, 5] are: 2.029e-005, 2.352e-005, 0, 0, 0.2499, 2.295e-005, 0, 0, 0, 0, 0, 0, 0, 0, 0, 0, 2.162e-005, 0.2499, 0, 0, 2.4e-005, 2.257e-005, 0, 0, 0, 0, 0, 0, 0, 0, 0, 0, 2.21e-005, 2.181e-005, 0, 0, 0.2499, 2.41e-005, 0, 0, 0, 0, 0, 0, 0, 0, 0, 0, 2.371e-005, 0.2499, 0, 0, 2.286e-005, 2.21e-005, 0, 0, 0, 0, 0, 0, 0, 0, 0, 0, 

Probabilities of results length 6 and mask [0, 1, 5] are: 0.25, 0.25, 4.4e-005, 4.829e-005, 0, 0, 0, 0, 0, 0, 0, 0, 0, 0, 0, 0, 0, 0, 0, 0, 0, 0, 0, 0, 0, 0, 0, 0, 0, 0, 0, 0, 4.476e-005, 4.743e-005, 0.25, 0.25, 0, 0, 0, 0, 0, 0, 0, 0, 0, 0, 0, 0, 0, 0, 0, 0, 0, 0, 0, 0, 0, 0, 0, 0, 0, 0, 0, 0, 

Probabilities of results length 6 and mask [0, 2, 5] are: 4.19e-005, 0.25, 0, 0, 0.25, 4.552e-005, 0, 0, 0, 0, 0, 0, 0, 0, 0, 0, 0, 0, 0, 0, 0, 0, 0, 0, 0, 0, 0, 0, 0, 0, 0, 0, 4.581e-005, 0.25, 0, 0, 0.25, 4.619e-005, 0, 0, 0, 0, 0, 0, 0, 0, 0, 0, 0, 0, 0, 0, 0, 0, 0, 0, 0, 0, 0, 0, 0, 0, 0, 0, 

Probabilities of results length 6 and mask [0, 3, 5] are: 4.21e-005, 4.562e-005, 0, 0, 0, 0, 0, 0, 0.25, 0.25, 0, 0, 0, 0, 0, 0, 0, 0, 0, 0, 0, 0, 0, 0, 0, 0, 0, 0, 0, 0, 0, 0, 0.25, 0.25, 0, 0, 0, 0, 0, 0, 4.562e-005, 4.59e-005, 0, 0, 0, 0, 0, 0, 0, 0, 0, 0, 0, 0, 0, 0, 0, 0, 0, 0, 0, 0, 0, 0, 

Probabilities of results length 6 and mask [0, 1, 2, 5] are: 2.124e-005, 0.2499, 2.067e-005, 2.476e-005, 0.2499, 2.2e-005, 2.333e-005, 2.352e-005, 0, 0, 0, 0, 0, 0, 0, 0, 0, 0, 0, 0, 0, 0, 0, 0, 0, 0, 0, 0, 0, 0, 0, 0, 2.276e-005, 2.371e-005, 2.305e-005, 0.2499, 2.2e-005, 2.371e-005, 0.2499, 2.248e-005, 0, 0, 0, 0, 0, 0, 0, 0, 0, 0, 0, 0, 0, 0, 0, 0, 0, 0, 0, 0, 0, 0, 0, 0, 

Probabilities of results length 6 and mask [0, 1, 3, 5] are: 2.067e-005, 2.171e-005, 2.143e-005, 2.39e-005, 0, 0, 0, 0, 0.2499, 0.2499, 2.257e-005, 2.438e-005, 0, 0, 0, 0, 0, 0, 0, 0, 0, 0, 0, 0, 0, 0, 0, 0, 0, 0, 0, 0, 2.305e-005, 2.229e-005, 0.2499, 0.2499, 0, 0, 0, 0, 2.171e-005, 2.514e-005, 2.39e-005, 2.076e-005, 0, 0, 0, 0, 0, 0, 0, 0, 0, 0, 0, 0, 0, 0, 0, 0, 0, 0, 0, 0, 

Probabilities of results length 6 and mask [0, 1, 2, 4, 5] are: 1.019e-005, 1.105e-005, 1.01e-005, 1.248e-005, 0.2499, 1.029e-005, 1.171e-005, 1.267e-005, 0, 0, 0, 0, 0, 0, 0, 0, 1.105e-005, 0.2499, 1.057e-005, 1.229e-005, 1.238e-005, 1.171e-005, 1.162e-005, 1.086e-005, 0, 0, 0, 0, 0, 0, 0, 0, 1.105e-005, 1.143e-005, 1.105e-005, 1.038e-005, 1.067e-005, 1.267e-005, 0.2499, 1.143e-005, 0, 0, 0, 0, 0, 0, 0, 0, 1.171e-005, 1.229e-005, 1.2e-005, 0.2499, 1.133e-005, 1.105e-005, 1.152e-005, 1.105e-005, 0, 0, 0, 0, 0, 0, 0, 0, 

Probabilities of results length 6 and mask [0, 1, 3, 4, 5] are: 1.029e-005, 1.057e-005, 1.057e-005, 1.257e-005, 0, 0, 0, 0, 0.2499, 1.076e-005, 1.124e-005, 1.257e-005, 0, 0, 0, 0, 1.038e-005, 1.114e-005, 1.086e-005, 1.133e-005, 0, 0, 0, 0, 1.305e-005, 0.2499, 1.133e-005, 1.181e-005, 0, 0, 0, 0, 1.095e-005, 1.2e-005, 0.2499, 1.181e-005, 0, 0, 0, 0, 1.076e-005, 1.21e-005, 1.286e-005, 1e-005, 0, 0, 0, 0, 1.21e-005, 1.029e-005, 1.248e-005, 0.2499, 0, 0, 0, 0, 1.095e-005, 1.305e-005, 1.105e-005, 1.076e-005, 0, 0, 0, 0, 

Probabilities of results length 4 and mask [0, 1, 3] are: 4.371e-005, 4.4e-005, 0.25, 0.25, 0, 0, 0, 0, 0.25, 0.25, 4.648e-005, 4.514e-005, 0, 0, 0, 0, 

Probabilities of results length 5 and mask [0, 2, 4] are: 4.238e-005, 4.533e-005, 0, 0, 0.4999, 4.705e-005, 0, 0, 0, 0, 0, 0, 0, 0, 0, 0, 4.533e-005, 0.4999, 0, 0, 4.686e-005, 4.467e-005, 0, 0, 0, 0, 0, 0, 0, 0, 0, 0, 

Probabilities of results length 2 and mask [0, 1] are: 0.25, 0.25, 0.25, 0.25, 

Probabilities of results length 6 and mask [0, 1, 2, 3, 5] are: 1.048e-005, 1.076e-005, 1.029e-005, 1.219e-005, 1.019e-005, 1.095e-005, 1.114e-005, 1.171e-005, 1.076e-005, 0.2499, 1.038e-005, 1.257e-005, 0.2499, 1.105e-005, 1.219e-005, 1.181e-005, 0, 0, 0, 0, 0, 0, 0, 0, 0, 0, 0, 0, 0, 0, 0, 0, 1.152e-005, 1.124e-005, 1.152e-005, 0.2499, 1.152e-005, 1.105e-005, 0.2499, 1.295e-005, 1.124e-005, 1.248e-005, 1.152e-005, 1.124e-005, 1.048e-005, 1.267e-005, 1.238e-005, 9.524e-006, 0, 0, 0, 0, 0, 0, 0, 0, 0, 0, 0, 0, 0, 0, 0, 0, 

Probabilities of results length 5 and mask [0, 1, 4] are: 0.25, 4.543e-005, 0.25, 4.695e-005, 0, 0, 0, 0, 0, 0, 0, 0, 0, 0, 0, 0, 4.648e-005, 0.25, 4.571e-005, 0.25, 0, 0, 0, 0, 0, 0, 0, 0, 0, 0, 0, 0, 

Probabilities of results length 3 and mask [0, 2] are: 8.771e-005, 0.4999, 0, 0, 0.4999, 9.171e-005, 0, 0, 

Probabilities of results length 3 and mask [0, 1, 2] are: 4.4e-005, 0.25, 4.371e-005, 0.25, 0.25, 4.571e-005, 0.25, 4.6e-005, 

Probabilities of results length 4 and mask [0, 3] are: 0.25, 0.25, 0, 0, 0, 0, 0, 0, 0.25, 0.25, 0, 0, 0, 0, 0, 0, 

Probabilities of results length 6 and mask [0, 2, 3, 5] are: 2.076e-005, 2.295e-005, 0, 0, 2.133e-005, 2.267e-005, 0, 0, 2.114e-005, 0.2499, 0, 0, 0.2499, 2.286e-005, 0, 0, 0, 0, 0, 0, 0, 0, 0, 0, 0, 0, 0, 0, 0, 0, 0, 0, 2.305e-005, 0.2499, 0, 0, 0.2499, 2.4e-005, 0, 0, 2.276e-005, 2.371e-005, 0, 0, 2.286e-005, 2.219e-005, 0, 0, 0, 0, 0, 0, 0, 0, 0, 0, 0, 0, 0, 0, 0, 0, 0, 0, 

Probabilities of results length 5 and mask [0, 4] are: 0.4999, 9.238e-005, 0, 0, 0, 0, 0, 0, 0, 0, 0, 0, 0, 0, 0, 0, 9.219e-005, 0.4999, 0, 0, 0, 0, 0, 0, 0, 0, 0, 0, 0, 0, 0, 0, 

Probabilities of results length 6 and mask [0, 4, 5] are: 0.25, 4.648e-005, 0, 0, 0, 0, 0, 0, 0, 0, 0, 0, 0, 0, 0, 0, 4.562e-005, 0.25, 0, 0, 0, 0, 0, 0, 0, 0, 0, 0, 0, 0, 0, 0, 0.25, 4.59e-005, 0, 0, 0, 0, 0, 0, 0, 0, 0, 0, 0, 0, 0, 0, 4.657e-005, 0.25, 0, 0, 0, 0, 0, 0, 0, 0, 0, 0, 0, 0, 0, 0, 

Probabilities of results length 4 and mask [0, 2, 3] are: 4.381e-005, 0.25, 0, 0, 0.25, 4.667e-005, 0, 0, 4.39e-005, 0.25, 0, 0, 0.25, 4.505e-005, 0, 0, 

Probabilities of results length 6 and mask [0, 1, 4, 5] are: 0.2499, 2.133e-005, 2.181e-005, 2.514e-005, 0, 0, 0, 0, 0, 0, 0, 0, 0, 0, 0, 0, 2.343e-005, 0.2499, 2.219e-005, 2.314e-005, 0, 0, 0, 0, 0, 0, 0, 0, 0, 0, 0, 0, 2.171e-005, 2.41e-005, 0.2499, 2.181e-005, 0, 0, 0, 0, 0, 0, 0, 0, 0, 0, 0, 0, 2.305e-005, 2.333e-005, 2.352e-005, 0.2499, 0, 0, 0, 0, 0, 0, 0, 0, 0, 0, 0, 0, 

Probabilities of results length 4 and mask [0, 1, 2, 3] are: 2.2e-005, 2.2e-005, 2.181e-005, 0.2499, 2.171e-005, 2.2e-005, 0.2499, 2.467e-005, 2.2e-005, 0.2499, 2.19e-005, 2.381e-005, 0.2499, 2.371e-005, 2.457e-005, 2.133e-005, 

Probabilities of results length 6 and mask [0, 3, 4, 5] are: 2.086e-005, 2.314e-005, 0, 0, 0, 0, 0, 0, 0.2499, 2.333e-005, 0, 0, 0, 0, 0, 0, 2.124e-005, 2.248e-005, 0, 0, 0, 0, 0, 0, 2.438e-005, 0.2499, 0, 0, 0, 0, 0, 0, 0.2499, 2.381e-005, 0, 0, 0, 0, 0, 0, 2.362e-005, 2.21e-005, 0, 0, 0, 0, 0, 0, 2.457e-005, 0.2499, 0, 0, 0, 0, 0, 0, 2.2e-005, 2.381e-005, 0, 0, 0, 0, 0, 0, 

Probabilities of results length 5 and mask [0, 3, 4] are: 0.25, 4.695e-005, 0, 0, 0, 0, 0, 0, 0.25, 4.543e-005, 0, 0, 0, 0, 0, 0, 4.581e-005, 0.25, 0, 0, 0, 0, 0, 0, 4.638e-005, 0.25, 0, 0, 0, 0, 0, 0, 

Probabilities of results length 5 and mask [0, 1, 2, 4] are: 2.124e-005, 2.248e-005, 2.114e-005, 2.286e-005, 0.2499, 2.295e-005, 0.2499, 2.41e-005, 0, 0, 0, 0, 0, 0, 0, 0, 2.276e-005, 0.2499, 2.257e-005, 0.2499, 2.371e-005, 2.276e-005, 2.314e-005, 2.19e-005, 0, 0, 0, 0, 0, 0, 0, 0, 

Probabilities of results length 5 and mask [0, 1, 3, 4] are: 2.124e-005, 2.257e-005, 0.2499, 2.438e-005, 0, 0, 0, 0, 0.2499, 2.286e-005, 2.41e-005, 2.257e-005, 0, 0, 0, 0, 2.248e-005, 2.143e-005, 2.333e-005, 0.2499, 0, 0, 0, 0, 2.4e-005, 0.2499, 2.238e-005, 2.257e-005, 0, 0, 0, 0, 

Probabilities of results length 6 and mask [0, 1, 2, 3, 4, 5] are: 5.238e-006, 5.429e-006, 5.143e-006, 6.19e-006, 5.048e-006, 5.143e-006, 5.429e-006, 6.381e-006, 4.952e-006, 5.619e-006, 4.952e-006, 6.286e-006, 0.2499, 5.143e-006, 6.286e-006, 6.286e-006, 5.238e-006, 5.333e-006, 5.143e-006, 6e-006, 5.143e-006, 5.81e-006, 5.714e-006, 5.333e-006, 5.81e-006, 0.2499, 5.429e-006, 6.286e-006, 7.238e-006, 5.905e-006, 5.905e-006, 5.524e-006, 5.429e-006, 5.905e-006, 5.048e-006, 5.619e-006, 5.524e-006, 6.095e-006, 0.2499, 6.19e-006, 5.619e-006, 5.524e-006, 6e-006, 4.762e-006, 5.143e-006, 6.571e-006, 6.857e-006, 5.238e-006, 6.095e-006, 5.333e-006, 6.476e-006, 0.2499, 6e-006, 4.952e-006, 6e-006, 6.762e-006, 5.619e-006, 6.952e-006, 5.524e-006, 6.476e-006, 5.333e-006, 6.095e-006, 5.524e-006, 4.286e-006, 

Probabilities of results length 5 and mask [0, 2, 3, 4] are: 2.086e-005, 2.314e-005, 0, 0, 0.2499, 2.381e-005, 0, 0, 2.152e-005, 2.219e-005, 0, 0, 0.2499, 2.324e-005, 0, 0, 2.295e-005, 0.2499, 0, 0, 2.286e-005, 2.286e-005, 0, 0, 2.238e-005, 0.2499, 0, 0, 2.4e-005, 2.181e-005, 0, 0, 

Probabilities of results length 6 and mask [0, 2, 3, 4, 5] are: 1.038e-005, 1.162e-005, 0, 0, 1.048e-005, 1.152e-005, 0, 0, 9.905e-006, 1.19e-005, 0, 0, 0.2499, 1.143e-005, 0, 0, 1.038e-005, 1.133e-005, 0, 0, 1.086e-005, 1.114e-005, 0, 0, 1.124e-005, 0.2499, 0, 0, 1.314e-005, 1.143e-005, 0, 0, 1.048e-005, 1.152e-005, 0, 0, 0.2499, 1.229e-005, 0, 0, 1.162e-005, 1.029e-005, 0, 0, 1.2e-005, 1.181e-005, 0, 0, 1.257e-005, 0.2499, 0, 0, 1.2e-005, 1.171e-005, 0, 0, 1.114e-005, 1.343e-005, 0, 0, 1.086e-005, 1.038e-005, 0, 0, 

Probabilities of results length 5 and mask [0, 1, 2, 3, 4] are: 1.067e-005, 1.133e-005, 1.019e-005, 1.181e-005, 1.057e-005, 1.124e-005, 0.2499, 1.257e-005, 1.057e-005, 1.114e-005, 1.095e-005, 1.105e-005, 0.2499, 1.171e-005, 1.314e-005, 1.152e-005, 1.133e-005, 1.067e-005, 1.162e-005, 0.2499, 1.114e-005, 1.076e-005, 1.171e-005, 1.21e-005, 1.143e-005, 0.2499, 1.095e-005, 1.276e-005, 1.257e-005, 1.2e-005, 1.143e-005, 9.81e-006, 

Probabilities of results length 6 and mask [0, 5] are: 0.25, 0.25, 0, 0, 0, 0, 0, 0, 0, 0, 0, 0, 0, 0, 0, 0, 0, 0, 0, 0, 0, 0, 0, 0, 0, 0, 0, 0, 0, 0, 0, 0, 0.25, 0.25, 0, 0, 0, 0, 0, 0, 0, 0, 0, 0, 0, 0, 0, 0, 0, 0, 0, 0, 0, 0, 0, 0, 0, 0, 0, 0, 0, 0, 0, 0, 

Probabilities of results length 6 and mask [0, 2, 4, 5] are: 2.029e-005, 2.352e-005, 0, 0, 0.2499, 2.295e-005, 0, 0, 0, 0, 0, 0, 0, 0, 0, 0, 2.162e-005, 0.2499, 0, 0, 2.4e-005, 2.257e-005, 0, 0, 0, 0, 0, 0, 0, 0, 0, 0, 2.21e-005, 2.181e-005, 0, 0, 0.2499, 2.41e-005, 0, 0, 0, 0, 0, 0, 0, 0, 0, 0, 2.371e-005, 0.2499, 0, 0, 2.286e-005, 2.21e-005, 0, 0, 0, 0, 0, 0, 0, 0, 0, 0, 

Probabilities of results length 6 and mask [0, 1, 5] are: 0.25, 0.25, 4.4e-005, 4.829e-005, 0, 0, 0, 0, 0, 0, 0, 0, 0, 0, 0, 0, 0, 0, 0, 0, 0, 0, 0, 0, 0, 0, 0, 0, 0, 0, 0, 0, 4.476e-005, 4.743e-005, 0.25, 0.25, 0, 0, 0, 0, 0, 0, 0, 0, 0, 0, 0, 0, 0, 0, 0, 0, 0, 0, 0, 0, 0, 0, 0, 0, 0, 0, 0, 0, 

Probabilities of results length 6 and mask [0, 2, 5] are: 4.19e-005, 0.25, 0, 0, 0.25, 4.552e-005, 0, 0, 0, 0, 0, 0, 0, 0, 0, 0, 0, 0, 0, 0, 0, 0, 0, 0, 0, 0, 0, 0, 0, 0, 0, 0, 4.581e-005, 0.25, 0, 0, 0.25, 4.619e-005, 0, 0, 0, 0, 0, 0, 0, 0, 0, 0, 0, 0, 0, 0, 0, 0, 0, 0, 0, 0, 0, 0, 0, 0, 0, 0, 

Probabilities of results length 6 and mask [0, 3, 5] are: 4.21e-005, 4.562e-005, 0, 0, 0, 0, 0, 0, 0.25, 0.25, 0, 0, 0, 0, 0, 0, 0, 0, 0, 0, 0, 0, 0, 0, 0, 0, 0, 0, 0, 0, 0, 0, 0.25, 0.25, 0, 0, 0, 0, 0, 0, 4.562e-005, 4.59e-005, 0, 0, 0, 0, 0, 0, 0, 0, 0, 0, 0, 0, 0, 0, 0, 0, 0, 0, 0, 0, 0, 0, 

Probabilities of results length 6 and mask [0, 1, 2, 5] are: 2.124e-005, 0.2499, 2.067e-005, 2.476e-005, 0.2499, 2.2e-005, 2.333e-005, 2.352e-005, 0, 0, 0, 0, 0, 0, 0, 0, 0, 0, 0, 0, 0, 0, 0, 0, 0, 0, 0, 0, 0, 0, 0, 0, 2.276e-005, 2.371e-005, 2.305e-005, 0.2499, 2.2e-005, 2.371e-005, 0.2499, 2.248e-005, 0, 0, 0, 0, 0, 0, 0, 0, 0, 0, 0, 0, 0, 0, 0, 0, 0, 0, 0, 0, 0, 0, 0, 0, 

Probabilities of results length 6 and mask [0, 1, 3, 5] are: 2.067e-005, 2.171e-005, 2.143e-005, 2.39e-005, 0, 0, 0, 0, 0.2499, 0.2499, 2.257e-005, 2.438e-005, 0, 0, 0, 0, 0, 0, 0, 0, 0, 0, 0, 0, 0, 0, 0, 0, 0, 0, 0, 0, 2.305e-005, 2.229e-005, 0.2499, 0.2499, 0, 0, 0, 0, 2.171e-005, 2.514e-005, 2.39e-005, 2.076e-005, 0, 0, 0, 0, 0, 0, 0, 0, 0, 0, 0, 0, 0, 0, 0, 0, 0, 0, 0, 0, 

Probabilities of results length 6 and mask [0, 1, 2, 4, 5] are: 1.019e-005, 1.105e-005, 1.01e-005, 1.248e-005, 0.2499, 1.029e-005, 1.171e-005, 1.267e-005, 0, 0, 0, 0, 0, 0, 0, 0, 1.105e-005, 0.2499, 1.057e-005, 1.229e-005, 1.238e-005, 1.171e-005, 1.162e-005, 1.086e-005, 0, 0, 0, 0, 0, 0, 0, 0, 1.105e-005, 1.143e-005, 1.105e-005, 1.038e-005, 1.067e-005, 1.267e-005, 0.2499, 1.143e-005, 0, 0, 0, 0, 0, 0, 0, 0, 1.171e-005, 1.229e-005, 1.2e-005, 0.2499, 1.133e-005, 1.105e-005, 1.152e-005, 1.105e-005, 0, 0, 0, 0, 0, 0, 0, 0, 

Probabilities of results length 6 and mask [0, 1, 3, 4, 5] are: 1.029e-005, 1.057e-005, 1.057e-005, 1.257e-005, 0, 0, 0, 0, 0.2499, 1.076e-005, 1.124e-005, 1.257e-005, 0, 0, 0, 0, 1.038e-005, 1.114e-005, 1.086e-005, 1.133e-005, 0, 0, 0, 0, 1.305e-005, 0.2499, 1.133e-005, 1.181e-005, 0, 0, 0, 0, 1.095e-005, 1.2e-005, 0.2499, 1.181e-005, 0, 0, 0, 0, 1.076e-005, 1.21e-005, 1.286e-005, 1e-005, 0, 0, 0, 0, 1.21e-005, 1.029e-005, 1.248e-005, 0.2499, 0, 0, 0, 0, 1.095e-005, 1.305e-005, 1.105e-005, 1.076e-005, 0, 0, 0, 0, 



Probabilities of results length 4 and mask [0, 1, 3] are: 4.371e-005, 4.4e-005, 0.25, 0.25, 0, 0, 0, 0, 0.25, 0.25, 4.648e-005, 4.514e-005, 0, 0, 0, 0, 

Probabilities of results length 5 and mask [0, 2, 4] are: 4.238e-005, 4.533e-005, 0, 0, 0.4999, 4.705e-005, 0, 0, 0, 0, 0, 0, 0, 0, 0, 0, 4.533e-005, 0.4999, 0, 0, 4.686e-005, 4.467e-005, 0, 0, 0, 0, 0, 0, 0, 0, 0, 0, 

Probabilities of results length 2 and mask [0, 1] are: 0.25, 0.25, 0.25, 0.25, 

Probabilities of results length 6 and mask [0, 1, 2, 3, 5] are: 1.048e-005, 1.076e-005, 1.029e-005, 1.219e-005, 1.019e-005, 1.095e-005, 1.114e-005, 1.171e-005, 1.076e-005, 0.2499, 1.038e-005, 1.257e-005, 0.2499, 1.105e-005, 1.219e-005, 1.181e-005, 0, 0, 0, 0, 0, 0, 0, 0, 0, 0, 0, 0, 0, 0, 0, 0, 1.152e-005, 1.124e-005, 1.152e-005, 0.2499, 1.152e-005, 1.105e-005, 0.2499, 1.295e-005, 1.124e-005, 1.248e-005, 1.152e-005, 1.124e-005, 1.048e-005, 1.267e-005, 1.238e-005, 9.524e-006, 0, 0, 0, 0, 0, 0, 0, 0, 0, 0, 0, 0, 0, 0, 0, 0, 

Probabilities of results length 5 and mask [0, 1, 4] are: 0.25, 4.543e-005, 0.25, 4.695e-005, 0, 0, 0, 0, 0, 0, 0, 0, 0, 0, 0, 0, 4.648e-005, 0.25, 4.571e-005, 0.25, 0, 0, 0, 0, 0, 0, 0, 0, 0, 0, 0, 0, 

Probabilities of results length 3 and mask [0, 2] are: 8.771e-005, 0.4999, 0, 0, 0.4999, 9.171e-005, 0, 0, 

Probabilities of results length 3 and mask [0, 1, 2] are: 4.4e-005, 0.25, 4.371e-005, 0.25, 0.25, 4.571e-005, 0.25, 4.6e-005, 

Probabilities of results length 4 and mask [0, 3] are: 0.25, 0.25, 0, 0, 0, 0, 0, 0, 0.25, 0.25, 0, 0, 0, 0, 0, 0, 

Probabilities of results length 6 and mask [0, 2, 3, 5] are: 2.076e-005, 2.295e-005, 0, 0, 2.133e-005, 2.267e-005, 0, 0, 2.114e-005, 0.2499, 0, 0, 0.2499, 2.286e-005, 0, 0, 0, 0, 0, 0, 0, 0, 0, 0, 0, 0, 0, 0, 0, 0, 0, 0, 2.305e-005, 0.2499, 0, 0, 0.2499, 2.4e-005, 0, 0, 2.276e-005, 2.371e-005, 0, 0, 2.286e-005, 2.219e-005, 0, 0, 0, 0, 0, 0, 0, 0, 0, 0, 0, 0, 0, 0, 0, 0, 0, 0, 

Probabilities of results length 5 and mask [0, 4] are: 0.4999, 9.238e-005, 0, 0, 0, 0, 0, 0, 0, 0, 0, 0, 0, 0, 0, 0, 9.219e-005, 0.4999, 0, 0, 0, 0, 0, 0, 0, 0, 0, 0, 0, 0, 0, 0, 

Probabilities of results length 6 and mask [0, 4, 5] are: 0.25, 4.648e-005, 0, 0, 0, 0, 0, 0, 0, 0, 0, 0, 0, 0, 0, 0, 4.562e-005, 0.25, 0, 0, 0, 0, 0, 0, 0, 0, 0, 0, 0, 0, 0, 0, 0.25, 4.59e-005, 0, 0, 0, 0, 0, 0, 0, 0, 0, 0, 0, 0, 0, 0, 4.657e-005, 0.25, 0, 0, 0, 0, 0, 0, 0, 0, 0, 0, 0, 0, 0, 0, 

Probabilities of results length 4 and mask [0, 2, 3] are: 4.381e-005, 0.25, 0, 0, 0.25, 4.667e-005, 0, 0, 4.39e-005, 0.25, 0, 0, 0.25, 4.505e-005, 0, 0, 

Probabilities of results length 6 and mask [0, 1, 4, 5] are: 0.2499, 2.133e-005, 2.181e-005, 2.514e-005, 0, 0, 0, 0, 0, 0, 0, 0, 0, 0, 0, 0, 2.343e-005, 0.2499, 2.219e-005, 2.314e-005, 0, 0, 0, 0, 0, 0, 0, 0, 0, 0, 0, 0, 2.171e-005, 2.41e-005, 0.2499, 2.181e-005, 0, 0, 0, 0, 0, 0, 0, 0, 0, 0, 0, 0, 2.305e-005, 2.333e-005, 2.352e-005, 0.2499, 0, 0, 0, 0, 0, 0, 0, 0, 0, 0, 0, 0, 

Probabilities of results length 4 and mask [0, 1, 2, 3] are: 2.2e-005, 2.2e-005, 2.181e-005, 0.2499, 2.171e-005, 2.2e-005, 0.2499, 2.467e-005, 2.2e-005, 0.2499, 2.19e-005, 2.381e-005, 0.2499, 2.371e-005, 2.457e-005, 2.133e-005, 

Probabilities of results length 6 and mask [0, 3, 4, 5] are: 2.086e-005, 2.314e-005, 0, 0, 0, 0, 0, 0, 0.2499, 2.333e-005, 0, 0, 0, 0, 0, 0, 2.124e-005, 2.248e-005, 0, 0, 0, 0, 0, 0, 2.438e-005, 0.2499, 0, 0, 0, 0, 0, 0, 0.2499, 2.381e-005, 0, 0, 0, 0, 0, 0, 2.362e-005, 2.21e-005, 0, 0, 0, 0, 0, 0, 2.457e-005, 0.2499, 0, 0, 0, 0, 0, 0, 2.2e-005, 2.381e-005, 0, 0, 0, 0, 0, 0, 

Probabilities of results length 5 and mask [0, 3, 4] are: 0.25, 4.695e-005, 0, 0, 0, 0, 0, 0, 0.25, 4.543e-005, 0, 0, 0, 0, 0, 0, 4.581e-005, 0.25, 0, 0, 0, 0, 0, 0, 4.638e-005, 0.25, 0, 0, 0, 0, 0, 0, 

Probabilities of results length 5 and mask [0, 1, 2, 4] are: 2.124e-005, 2.248e-005, 2.114e-005, 2.286e-005, 0.2499, 2.295e-005, 0.2499, 2.41e-005, 0, 0, 0, 0, 0, 0, 0, 0, 2.276e-005, 0.2499, 2.257e-005, 0.2499, 2.371e-005, 2.276e-005, 2.314e-005, 2.19e-005, 0, 0, 0, 0, 0, 0, 0, 0, 

Probabilities of results length 5 and mask [0, 1, 3, 4] are: 2.124e-005, 2.257e-005, 0.2499, 2.438e-005, 0, 0, 0, 0, 0.2499, 2.286e-005, 2.41e-005, 2.257e-005, 0, 0, 0, 0, 2.248e-005, 2.143e-005, 2.333e-005, 0.2499, 0, 0, 0, 0, 2.4e-005, 0.2499, 2.238e-005, 2.257e-005, 0, 0, 0, 0, 

Probabilities of results length 6 and mask [0, 1, 2, 3, 4, 5] are: 5.238e-006, 5.429e-006, 5.143e-006, 6.19e-006, 5.048e-006, 5.143e-006, 5.429e-006, 6.381e-006, 4.952e-006, 5.619e-006, 4.952e-006, 6.286e-006, 0.2499, 5.143e-006, 6.286e-006, 6.286e-006, 5.238e-006, 5.333e-006, 5.143e-006, 6e-006, 5.143e-006, 5.81e-006, 5.714e-006, 5.333e-006, 5.81e-006, 0.2499, 5.429e-006, 6.286e-006, 7.238e-006, 5.905e-006, 5.905e-006, 5.524e-006, 5.429e-006, 5.905e-006, 5.048e-006, 5.619e-006, 5.524e-006, 6.095e-006, 0.2499, 6.19e-006, 5.619e-006, 5.524e-006, 6e-006, 4.762e-006, 5.143e-006, 6.571e-006, 6.857e-006, 5.238e-006, 6.095e-006, 5.333e-006, 6.476e-006, 0.2499, 6e-006, 4.952e-006, 6e-006, 6.762e-006, 5.619e-006, 6.952e-006, 5.524e-006, 6.476e-006, 5.333e-006, 6.095e-006, 5.524e-006, 4.286e-006, 

Probabilities of results length 5 and mask [0, 2, 3, 4] are: 2.086e-005, 2.314e-005, 0, 0, 0.2499, 2.381e-005, 0, 0, 2.152e-005, 2.219e-005, 0, 0, 0.2499, 2.324e-005, 0, 0, 2.295e-005, 0.2499, 0, 0, 2.286e-005, 2.286e-005, 0, 0, 2.238e-005, 0.2499, 0, 0, 2.4e-005, 2.181e-005, 0, 0, 

Probabilities of results length 6 and mask [0, 2, 3, 4, 5] are: 1.038e-005, 1.162e-005, 0, 0, 1.048e-005, 1.152e-005, 0, 0, 9.905e-006, 1.19e-005, 0, 0, 0.2499, 1.143e-005, 0, 0, 1.038e-005, 1.133e-005, 0, 0, 1.086e-005, 1.114e-005, 0, 0, 1.124e-005, 0.2499, 0, 0, 1.314e-005, 1.143e-005, 0, 0, 1.048e-005, 1.152e-005, 0, 0, 0.2499, 1.229e-005, 0, 0, 1.162e-005, 1.029e-005, 0, 0, 1.2e-005, 1.181e-005, 0, 0, 1.257e-005, 0.2499, 0, 0, 1.2e-005, 1.171e-005, 0, 0, 1.114e-005, 1.343e-005, 0, 0, 1.086e-005, 1.038e-005, 0, 0, 

Probabilities of results length 5 and mask [0, 1, 2, 3, 4] are: 1.067e-005, 1.133e-005, 1.019e-005, 1.181e-005, 1.057e-005, 1.124e-005, 0.2499, 1.257e-005, 1.057e-005, 1.114e-005, 1.095e-005, 1.105e-005, 0.2499, 1.171e-005, 1.314e-005, 1.152e-005, 1.133e-005, 1.067e-005, 1.162e-005, 0.2499, 1.114e-005, 1.076e-005, 1.171e-005, 1.21e-005, 1.143e-005, 0.2499, 1.095e-005, 1.276e-005, 1.257e-005, 1.2e-005, 1.143e-005, 9.81e-006, 

Probabilities of results length 6 and mask [0, 5] are: 0.25, 0.25, 0, 0, 0, 0, 0, 0, 0, 0, 0, 0, 0, 0, 0, 0, 0, 0, 0, 0, 0, 0, 0, 0, 0, 0, 0, 0, 0, 0, 0, 0, 0.25, 0.25, 0, 0, 0, 0, 0, 0, 0, 0, 0, 0, 0, 0, 0, 0, 0, 0, 0, 0, 0, 0, 0, 0, 0, 0, 0, 0, 0, 0, 0, 0, 

Probabilities of results length 6 and mask [0, 2, 4, 5] are: 2.029e-005, 2.352e-005, 0, 0, 0.2499, 2.295e-005, 0, 0, 0, 0, 0, 0, 0, 0, 0, 0, 2.162e-005, 0.2499, 0, 0, 2.4e-005, 2.257e-005, 0, 0, 0, 0, 0, 0, 0, 0, 0, 0, 2.21e-005, 2.181e-005, 0, 0, 0.2499, 2.41e-005, 0, 0, 0, 0, 0, 0, 0, 0, 0, 0, 2.371e-005, 0.2499, 0, 0, 2.286e-005, 2.21e-005, 0, 0, 0, 0, 0, 0, 0, 0, 0, 0, 

Probabilities of results length 6 and mask [0, 1, 5] are: 0.25, 0.25, 4.4e-005, 4.829e-005, 0, 0, 0, 0, 0, 0, 0, 0, 0, 0, 0, 0, 0, 0, 0, 0, 0, 0, 0, 0, 0, 0, 0, 0, 0, 0, 0, 0, 4.476e-005, 4.743e-005, 0.25, 0.25, 0, 0, 0, 0, 0, 0, 0, 0, 0, 0, 0, 0, 0, 0, 0, 0, 0, 0, 0, 0, 0, 0, 0, 0, 0, 0, 0, 0, 

Probabilities of results length 6 and mask [0, 2, 5] are: 4.19e-005, 0.25, 0, 0, 0.25, 4.552e-005, 0, 0, 0, 0, 0, 0, 0, 0, 0, 0, 0, 0, 0, 0, 0, 0, 0, 0, 0, 0, 0, 0, 0, 0, 0, 0, 4.581e-005, 0.25, 0, 0, 0.25, 4.619e-005, 0, 0, 0, 0, 0, 0, 0, 0, 0, 0, 0, 0, 0, 0, 0, 0, 0, 0, 0, 0, 0, 0, 0, 0, 0, 0, 

Probabilities of results length 6 and mask [0, 3, 5] are: 4.21e-005, 4.562e-005, 0, 0, 0, 0, 0, 0, 0.25, 0.25, 0, 0, 0, 0, 0, 0, 0, 0, 0, 0, 0, 0, 0, 0, 0, 0, 0, 0, 0, 0, 0, 0, 0.25, 0.25, 0, 0, 0, 0, 0, 0, 4.562e-005, 4.59e-005, 0, 0, 0, 0, 0, 0, 0, 0, 0, 0, 0, 0, 0, 0, 0, 0, 0, 0, 0, 0, 0, 0, 

Probabilities of results length 6 and mask [0, 1, 2, 5] are: 2.124e-005, 0.2499, 2.067e-005, 2.476e-005, 0.2499, 2.2e-005, 2.333e-005, 2.352e-005, 0, 0, 0, 0, 0, 0, 0, 0, 0, 0, 0, 0, 0, 0, 0, 0, 0, 0, 0, 0, 0, 0, 0, 0, 2.276e-005, 2.371e-005, 2.305e-005, 0.2499, 2.2e-005, 2.371e-005, 0.2499, 2.248e-005, 0, 0, 0, 0, 0, 0, 0, 0, 0, 0, 0, 0, 0, 0, 0, 0, 0, 0, 0, 0, 0, 0, 0, 0, 

Probabilities of results length 6 and mask [0, 1, 3, 5] are: 2.067e-005, 2.171e-005, 2.143e-005, 2.39e-005, 0, 0, 0, 0, 0.2499, 0.2499, 2.257e-005, 2.438e-005, 0, 0, 0, 0, 0, 0, 0, 0, 0, 0, 0, 0, 0, 0, 0, 0, 0, 0, 0, 0, 2.305e-005, 2.229e-005, 0.2499, 0.2499, 0, 0, 0, 0, 2.171e-005, 2.514e-005, 2.39e-005, 2.076e-005, 0, 0, 0, 0, 0, 0, 0, 0, 0, 0, 0, 0, 0, 0, 0, 0, 0, 0, 0, 0, 

Probabilities of results length 6 and mask [0, 1, 2, 4, 5] are: 1.019e-005, 1.105e-005, 1.01e-005, 1.248e-005, 0.2499, 1.029e-005, 1.171e-005, 1.267e-005, 0, 0, 0, 0, 0, 0, 0, 0, 1.105e-005, 0.2499, 1.057e-005, 1.229e-005, 1.238e-005, 1.171e-005, 1.162e-005, 1.086e-005, 0, 0, 0, 0, 0, 0, 0, 0, 1.105e-005, 1.143e-005, 1.105e-005, 1.038e-005, 1.067e-005, 1.267e-005, 0.2499, 1.143e-005, 0, 0, 0, 0, 0, 0, 0, 0, 1.171e-005, 1.229e-005, 1.2e-005, 0.2499, 1.133e-005, 1.105e-005, 1.152e-005, 1.105e-005, 0, 0, 0, 0, 0, 0, 0, 0, 

Probabilities of results length 6 and mask [0, 1, 3, 4, 5] are: 1.029e-005, 1.057e-005, 1.057e-005, 1.257e-005, 0, 0, 0, 0, 0.2499, 1.076e-005, 1.124e-005, 1.257e-005, 0, 0, 0, 0, 1.038e-005, 1.114e-005, 1.086e-005, 1.133e-005, 0, 0, 0, 0, 1.305e-005, 0.2499, 1.133e-005, 1.181e-005, 0, 0, 0, 0, 1.095e-005, 1.2e-005, 0.2499, 1.181e-005, 0, 0, 0, 0, 1.076e-005, 1.21e-005, 1.286e-005, 1e-005, 0, 0, 0, 0, 1.21e-005, 1.029e-005, 1.248e-005, 0.2499, 0, 0, 0, 0, 1.095e-005, 1.305e-005, 1.105e-005, 1.076e-005, 0, 0, 0, 0, 

Probabilities of results length 4 and mask [0, 1, 3] are: 4.371e-005, 4.4e-005, 0.25, 0.25, 0, 0, 0, 0, 0.25, 0.25, 4.648e-005, 4.514e-005, 0, 0, 0, 0, 

Probabilities of results length 5 and mask [0, 2, 4] are: 4.238e-005, 4.533e-005, 0, 0, 0.4999, 4.705e-005, 0, 0, 0, 0, 0, 0, 0, 0, 0, 0, 4.533e-005, 0.4999, 0, 0, 4.686e-005, 4.467e-005, 0, 0, 0, 0, 0, 0, 0, 0, 0, 0, 

Probabilities of results length 2 and mask [0, 1] are: 0.25, 0.25, 0.25, 0.25, 

Probabilities of results length 6 and mask [0, 1, 2, 3, 5] are: 1.048e-005, 1.076e-005, 1.029e-005, 1.219e-005, 1.019e-005, 1.095e-005, 1.114e-005, 1.171e-005, 1.076e-005, 0.2499, 1.038e-005, 1.257e-005, 0.2499, 1.105e-005, 1.219e-005, 1.181e-005, 0, 0, 0, 0, 0, 0, 0, 0, 0, 0, 0, 0, 0, 0, 0, 0, 1.152e-005, 1.124e-005, 1.152e-005, 0.2499, 1.152e-005, 1.105e-005, 0.2499, 1.295e-005, 1.124e-005, 1.248e-005, 1.152e-005, 1.124e-005, 1.048e-005, 1.267e-005, 1.238e-005, 9.524e-006, 0, 0, 0, 0, 0, 0, 0, 0, 0, 0, 0, 0, 0, 0, 0, 0, 

Probabilities of results length 5 and mask [0, 1, 4] are: 0.25, 4.543e-005, 0.25, 4.695e-005, 0, 0, 0, 0, 0, 0, 0, 0, 0, 0, 0, 0, 4.648e-005, 0.25, 4.571e-005, 0.25, 0, 0, 0, 0, 0, 0, 0, 0, 0, 0, 0, 0, 

Probabilities of results length 3 and mask [0, 2] are: 8.771e-005, 0.4999, 0, 0, 0.4999, 9.171e-005, 0, 0, 

Probabilities of results length 3 and mask [0, 1, 2] are: 4.4e-005, 0.25, 4.371e-005, 0.25, 0.25, 4.571e-005, 0.25, 4.6e-005, 

Probabilities of results length 4 and mask [0, 3] are: 0.25, 0.25, 0, 0, 0, 0, 0, 0, 0.25, 0.25, 0, 0, 0, 0, 0, 0, 

Probabilities of results length 6 and mask [0, 2, 3, 5] are: 2.076e-005, 2.295e-005, 0, 0, 2.133e-005, 2.267e-005, 0, 0, 2.114e-005, 0.2499, 0, 0, 0.2499, 2.286e-005, 0, 0, 0, 0, 0, 0, 0, 0, 0, 0, 0, 0, 0, 0, 0, 0, 0, 0, 2.305e-005, 0.2499, 0, 0, 0.2499, 2.4e-005, 0, 0, 2.276e-005, 2.371e-005, 0, 0, 2.286e-005, 2.219e-005, 0, 0, 0, 0, 0, 0, 0, 0, 0, 0, 0, 0, 0, 0, 0, 0, 0, 0, 

Probabilities of results length 5 and mask [0, 4] are: 0.4999, 9.238e-005, 0, 0, 0, 0, 0, 0, 0, 0, 0, 0, 0, 0, 0, 0, 9.219e-005, 0.4999, 0, 0, 0, 0, 0, 0, 0, 0, 0, 0, 0, 0, 0, 0, 

Probabilities of results length 6 and mask [0, 4, 5] are: 0.25, 4.648e-005, 0, 0, 0, 0, 0, 0, 0, 0, 0, 0, 0, 0, 0, 0, 4.562e-005, 0.25, 0, 0, 0, 0, 0, 0, 0, 0, 0, 0, 0, 0, 0, 0, 0.25, 4.59e-005, 0, 0, 0, 0, 0, 0, 0, 0, 0, 0, 0, 0, 0, 0, 4.657e-005, 0.25, 0, 0, 0, 0, 0, 0, 0, 0, 0, 0, 0, 0, 0, 0, 

Probabilities of results length 4 and mask [0, 2, 3] are: 4.381e-005, 0.25, 0, 0, 0.25, 4.667e-005, 0, 0, 4.39e-005, 0.25, 0, 0, 0.25, 4.505e-005, 0, 0, 

Probabilities of results length 6 and mask [0, 1, 4, 5] are: 0.2499, 2.133e-005, 2.181e-005, 2.514e-005, 0, 0, 0, 0, 0, 0, 0, 0, 0, 0, 0, 0, 2.343e-005, 0.2499, 2.219e-005, 2.314e-005, 0, 0, 0, 0, 0, 0, 0, 0, 0, 0, 0, 0, 2.171e-005, 2.41e-005, 0.2499, 2.181e-005, 0, 0, 0, 0, 0, 0, 0, 0, 0, 0, 0, 0, 2.305e-005, 2.333e-005, 2.352e-005, 0.2499, 0, 0, 0, 0, 0, 0, 0, 0, 0, 0, 0, 0, 

Probabilities of results length 4 and mask [0, 1, 2, 3] are: 2.2e-005, 2.2e-005, 2.181e-005, 0.2499, 2.171e-005, 2.2e-005, 0.2499, 2.467e-005, 2.2e-005, 0.2499, 2.19e-005, 2.381e-005, 0.2499, 2.371e-005, 2.457e-005, 2.133e-005, 

Probabilities of results length 6 and mask [0, 3, 4, 5] are: 2.086e-005, 2.314e-005, 0, 0, 0, 0, 0, 0, 0.2499, 2.333e-005, 0, 0, 0, 0, 0, 0, 2.124e-005, 2.248e-005, 0, 0, 0, 0, 0, 0, 2.438e-005, 0.2499, 0, 0, 0, 0, 0, 0, 0.2499, 2.381e-005, 0, 0, 0, 0, 0, 0, 2.362e-005, 2.21e-005, 0, 0, 0, 0, 0, 0, 2.457e-005, 0.2499, 0, 0, 0, 0, 0, 0, 2.2e-005, 2.381e-005, 0, 0, 0, 0, 0, 0, 

Probabilities of results length 5 and mask [0, 3, 4] are: 0.25, 4.695e-005, 0, 0, 0, 0, 0, 0, 0.25, 4.543e-005, 0, 0, 0, 0, 0, 0, 4.581e-005, 0.25, 0, 0, 0, 0, 0, 0, 4.638e-005, 0.25, 0, 0, 0, 0, 0, 0, 

Probabilities of results length 5 and mask [0, 1, 2, 4] are: 2.124e-005, 2.248e-005, 2.114e-005, 2.286e-005, 0.2499, 2.295e-005, 0.2499, 2.41e-005, 0, 0, 0, 0, 0, 0, 0, 0, 2.276e-005, 0.2499, 2.257e-005, 0.2499, 2.371e-005, 2.276e-005, 2.314e-005, 2.19e-005, 0, 0, 0, 0, 0, 0, 0, 0, 

Probabilities of results length 5 and mask [0, 1, 3, 4] are: 2.124e-005, 2.257e-005, 0.2499, 2.438e-005, 0, 0, 0, 0, 0.2499, 2.286e-005, 2.41e-005, 2.257e-005, 0, 0, 0, 0, 2.248e-005, 2.143e-005, 2.333e-005, 0.2499, 0, 0, 0, 0, 2.4e-005, 0.2499, 2.238e-005, 2.257e-005, 0, 0, 0, 0, 

Probabilities of results length 6 and mask [0, 1, 2, 3, 4, 5] are: 5.238e-006, 5.429e-006, 5.143e-006, 6.19e-006, 5.048e-006, 5.143e-006, 5.429e-006, 6.381e-006, 4.952e-006, 5.619e-006, 4.952e-006, 6.286e-006, 0.2499, 5.143e-006, 6.286e-006, 6.286e-006, 5.238e-006, 5.333e-006, 5.143e-006, 6e-006, 5.143e-006, 5.81e-006, 5.714e-006, 5.333e-006, 5.81e-006, 0.2499, 5.429e-006, 6.286e-006, 7.238e-006, 5.905e-006, 5.905e-006, 5.524e-006, 5.429e-006, 5.905e-006, 5.048e-006, 5.619e-006, 5.524e-006, 6.095e-006, 0.2499, 6.19e-006, 5.619e-006, 5.524e-006, 6e-006, 4.762e-006, 5.143e-006, 6.571e-006, 6.857e-006, 5.238e-006, 6.095e-006, 5.333e-006, 6.476e-006, 0.2499, 6e-006, 4.952e-006, 6e-006, 6.762e-006, 5.619e-006, 6.952e-006, 5.524e-006, 6.476e-006, 5.333e-006, 6.095e-006, 5.524e-006, 4.286e-006, 

Probabilities of results length 5 and mask [0, 2, 3, 4] are: 2.086e-005, 2.314e-005, 0, 0, 0.2499, 2.381e-005, 0, 0, 2.152e-005, 2.219e-005, 0, 0, 0.2499, 2.324e-005, 0, 0, 2.295e-005, 0.2499, 0, 0, 2.286e-005, 2.286e-005, 0, 0, 2.238e-005, 0.2499, 0, 0, 2.4e-005, 2.181e-005, 0, 0, 

Probabilities of results length 6 and mask [0, 2, 3, 4, 5] are: 1.038e-005, 1.162e-005, 0, 0, 1.048e-005, 1.152e-005, 0, 0, 9.905e-006, 1.19e-005, 0, 0, 0.2499, 1.143e-005, 0, 0, 1.038e-005, 1.133e-005, 0, 0, 1.086e-005, 1.114e-005, 0, 0, 1.124e-005, 0.2499, 0, 0, 1.314e-005, 1.143e-005, 0, 0, 1.048e-005, 1.152e-005, 0, 0, 0.2499, 1.229e-005, 0, 0, 1.162e-005, 1.029e-005, 0, 0, 1.2e-005, 1.181e-005, 0, 0, 1.257e-005, 0.2499, 0, 0, 1.2e-005, 1.171e-005, 0, 0, 1.114e-005, 1.343e-005, 0, 0, 1.086e-005, 1.038e-005, 0, 0, 

Probabilities of results length 5 and mask [0, 1, 2, 3, 4] are: 1.067e-005, 1.133e-005, 1.019e-005, 1.181e-005, 1.057e-005, 1.124e-005, 0.2499, 1.257e-005, 1.057e-005, 1.114e-005, 1.095e-005, 1.105e-005, 0.2499, 1.171e-005, 1.314e-005, 1.152e-005, 1.133e-005, 1.067e-005, 1.162e-005, 0.2499, 1.114e-005, 1.076e-005, 1.171e-005, 1.21e-005, 1.143e-005, 0.2499, 1.095e-005, 1.276e-005, 1.257e-005, 1.2e-005, 1.143e-005, 9.81e-006, 

Probabilities of results length 6 and mask [0, 5] are: 0.25, 0.25, 0, 0, 0, 0, 0, 0, 0, 0, 0, 0, 0, 0, 0, 0, 0, 0, 0, 0, 0, 0, 0, 0, 0, 0, 0, 0, 0, 0, 0, 0, 0.25, 0.25, 0, 0, 0, 0, 0, 0, 0, 0, 0, 0, 0, 0, 0, 0, 0, 0, 0, 0, 0, 0, 0, 0, 0, 0, 0, 0, 0, 0, 0, 0, 

Probabilities of results length 6 and mask [0, 2, 4, 5] are: 2.029e-005, 2.352e-005, 0, 0, 0.2499, 2.295e-005, 0, 0, 0, 0, 0, 0, 0, 0, 0, 0, 2.162e-005, 0.2499, 0, 0, 2.4e-005, 2.257e-005, 0, 0, 0, 0, 0, 0, 0, 0, 0, 0, 2.21e-005, 2.181e-005, 0, 0, 0.2499, 2.41e-005, 0, 0, 0, 0, 0, 0, 0, 0, 0, 0, 2.371e-005, 0.2499, 0, 0, 2.286e-005, 2.21e-005, 0, 0, 0, 0, 0, 0, 0, 0, 0, 0, 

Probabilities of results length 6 and mask [0, 1, 5] are: 0.25, 0.25, 4.4e-005, 4.829e-005, 0, 0, 0, 0, 0, 0, 0, 0, 0, 0, 0, 0, 0, 0, 0, 0, 0, 0, 0, 0, 0, 0, 0, 0, 0, 0, 0, 0, 4.476e-005, 4.743e-005, 0.25, 0.25, 0, 0, 0, 0, 0, 0, 0, 0, 0, 0, 0, 0, 0, 0, 0, 0, 0, 0, 0, 0, 0, 0, 0, 0, 0, 0, 0, 0, 

Probabilities of results length 6 and mask [0, 2, 5] are: 4.19e-005, 0.25, 0, 0, 0.25, 4.552e-005, 0, 0, 0, 0, 0, 0, 0, 0, 0, 0, 0, 0, 0, 0, 0, 0, 0, 0, 0, 0, 0, 0, 0, 0, 0, 0, 4.581e-005, 0.25, 0, 0, 0.25, 4.619e-005, 0, 0, 0, 0, 0, 0, 0, 0, 0, 0, 0, 0, 0, 0, 0, 0, 0, 0, 0, 0, 0, 0, 0, 0, 0, 0, 

Probabilities of results length 6 and mask [0, 3, 5] are: 4.21e-005, 4.562e-005, 0, 0, 0, 0, 0, 0, 0.25, 0.25, 0, 0, 0, 0, 0, 0, 0, 0, 0, 0, 0, 0, 0, 0, 0, 0, 0, 0, 0, 0, 0, 0, 0.25, 0.25, 0, 0, 0, 0, 0, 0, 4.562e-005, 4.59e-005, 0, 0, 0, 0, 0, 0, 0, 0, 0, 0, 0, 0, 0, 0, 0, 0, 0, 0, 0, 0, 0, 0, 

Probabilities of results length 6 and mask [0, 1, 2, 5] are: 2.124e-005, 0.2499, 2.067e-005, 2.476e-005, 0.2499, 2.2e-005, 2.333e-005, 2.352e-005, 0, 0, 0, 0, 0, 0, 0, 0, 0, 0, 0, 0, 0, 0, 0, 0, 0, 0, 0, 0, 0, 0, 0, 0, 2.276e-005, 2.371e-005, 2.305e-005, 0.2499, 2.2e-005, 2.371e-005, 0.2499, 2.248e-005, 0, 0, 0, 0, 0, 0, 0, 0, 0, 0, 0, 0, 0, 0, 0, 0, 0, 0, 0, 0, 0, 0, 0, 0, 

Probabilities of results length 6 and mask [0, 1, 3, 5] are: 2.067e-005, 2.171e-005, 2.143e-005, 2.39e-005, 0, 0, 0, 0, 0.2499, 0.2499, 2.257e-005, 2.438e-005, 0, 0, 0, 0, 0, 0, 0, 0, 0, 0, 0, 0, 0, 0, 0, 0, 0, 0, 0, 0, 2.305e-005, 2.229e-005, 0.2499, 0.2499, 0, 0, 0, 0, 2.171e-005, 2.514e-005, 2.39e-005, 2.076e-005, 0, 0, 0, 0, 0, 0, 0, 0, 0, 0, 0, 0, 0, 0, 0, 0, 0, 0, 0, 0, 

Probabilities of results length 6 and mask [0, 1, 2, 4, 5] are: 1.019e-005, 1.105e-005, 1.01e-005, 1.248e-005, 0.2499, 1.029e-005, 1.171e-005, 1.267e-005, 0, 0, 0, 0, 0, 0, 0, 0, 1.105e-005, 0.2499, 1.057e-005, 1.229e-005, 1.238e-005, 1.171e-005, 1.162e-005, 1.086e-005, 0, 0, 0, 0, 0, 0, 0, 0, 1.105e-005, 1.143e-005, 1.105e-005, 1.038e-005, 1.067e-005, 1.267e-005, 0.2499, 1.143e-005, 0, 0, 0, 0, 0, 0, 0, 0, 1.171e-005, 1.229e-005, 1.2e-005, 0.2499, 1.133e-005, 1.105e-005, 1.152e-005, 1.105e-005, 0, 0, 0, 0, 0, 0, 0, 0, 

Probabilities of results length 6 and mask [0, 1, 3, 4, 5] are: 1.029e-005, 1.057e-005, 1.057e-005, 1.257e-005, 0, 0, 0, 0, 0.2499, 1.076e-005, 1.124e-005, 1.257e-005, 0, 0, 0, 0, 1.038e-005, 1.114e-005, 1.086e-005, 1.133e-005, 0, 0, 0, 0, 1.305e-005, 0.2499, 1.133e-005, 1.181e-005, 0, 0, 0, 0, 1.095e-005, 1.2e-005, 0.2499, 1.181e-005, 0, 0, 0, 0, 1.076e-005, 1.21e-005, 1.286e-005, 1e-005, 0, 0, 0, 0, 1.21e-005, 1.029e-005, 1.248e-005, 0.2499, 0, 0, 0, 0, 1.095e-005, 1.305e-005, 1.105e-005, 1.076e-005, 0, 0, 0, 0, 

Probabilities of results length 4 and mask [0, 1, 3] are: 4.371e-005, 4.4e-005, 0.25, 0.25, 0, 0, 0, 0, 0.25, 0.25, 4.648e-005, 4.514e-005, 0, 0, 0, 0, 

Probabilities of results length 5 and mask [0, 2, 4] are: 4.238e-005, 4.533e-005, 0, 0, 0.4999, 4.705e-005, 0, 0, 0, 0, 0, 0, 0, 0, 0, 0, 4.533e-005, 0.4999, 0, 0, 4.686e-005, 4.467e-005, 0, 0, 0, 0, 0, 0, 0, 0, 0, 0, 

Probabilities of results length 2 and mask [0, 1] are: 0.25, 0.25, 0.25, 0.25, 

Probabilities of results length 6 and mask [0, 1, 2, 3, 5] are: 1.048e-005, 1.076e-005, 1.029e-005, 1.219e-005, 1.019e-005, 1.095e-005, 1.114e-005, 1.171e-005, 1.076e-005, 0.2499, 1.038e-005, 1.257e-005, 0.2499, 1.105e-005, 1.219e-005, 1.181e-005, 0, 0, 0, 0, 0, 0, 0, 0, 0, 0, 0, 0, 0, 0, 0, 0, 1.152e-005, 1.124e-005, 1.152e-005, 0.2499, 1.152e-005, 1.105e-005, 0.2499, 1.295e-005, 1.124e-005, 1.248e-005, 1.152e-005, 1.124e-005, 1.048e-005, 1.267e-005, 1.238e-005, 9.524e-006, 0, 0, 0, 0, 0, 0, 0, 0, 0, 0, 0, 0, 0, 0, 0, 0, 

Probabilities of results length 5 and mask [0, 1, 4] are: 0.25, 4.543e-005, 0.25, 4.695e-005, 0, 0, 0, 0, 0, 0, 0, 0, 0, 0, 0, 0, 4.648e-005, 0.25, 4.571e-005, 0.25, 0, 0, 0, 0, 0, 0, 0, 0, 0, 0, 0, 0, 

Probabilities of results length 3 and mask [0, 2] are: 8.771e-005, 0.4999, 0, 0, 0.4999, 9.171e-005, 0, 0, 

Probabilities of results length 3 and mask [0, 1, 2] are: 4.4e-005, 0.25, 4.371e-005, 0.25, 0.25, 4.571e-005, 0.25, 4.6e-005, 

Probabilities of results length 4 and mask [0, 3] are: 0.25, 0.25, 0, 0, 0, 0, 0, 0, 0.25, 0.25, 0, 0, 0, 0, 0, 0, 

Probabilities of results length 6 and mask [0, 2, 3, 5] are: 2.076e-005, 2.295e-005, 0, 0, 2.133e-005, 2.267e-005, 0, 0, 2.114e-005, 0.2499, 0, 0, 0.2499, 2.286e-005, 0, 0, 0, 0, 0, 0, 0, 0, 0, 0, 0, 0, 0, 0, 0, 0, 0, 0, 2.305e-005, 0.2499, 0, 0, 0.2499, 2.4e-005, 0, 0, 2.276e-005, 2.371e-005, 0, 0, 2.286e-005, 2.219e-005, 0, 0, 0, 0, 0, 0, 0, 0, 0, 0, 0, 0, 0, 0, 0, 0, 0, 0, 

Probabilities of results length 5 and mask [0, 4] are: 0.4999, 9.238e-005, 0, 0, 0, 0, 0, 0, 0, 0, 0, 0, 0, 0, 0, 0, 9.219e-005, 0.4999, 0, 0, 0, 0, 0, 0, 0, 0, 0, 0, 0, 0, 0, 0, 

Probabilities of results length 6 and mask [0, 4, 5] are: 0.25, 4.648e-005, 0, 0, 0, 0, 0, 0, 0, 0, 0, 0, 0, 0, 0, 0, 4.562e-005, 0.25, 0, 0, 0, 0, 0, 0, 0, 0, 0, 0, 0, 0, 0, 0, 0.25, 4.59e-005, 0, 0, 0, 0, 0, 0, 0, 0, 0, 0, 0, 0, 0, 0, 4.657e-005, 0.25, 0, 0, 0, 0, 0, 0, 0, 0, 0, 0, 0, 0, 0, 0, 

Probabilities of results length 4 and mask [0, 2, 3] are: 4.381e-005, 0.25, 0, 0, 0.25, 4.667e-005, 0, 0, 4.39e-005, 0.25, 0, 0, 0.25, 4.505e-005, 0, 0, 

Probabilities of results length 6 and mask [0, 1, 4, 5] are: 0.2499, 2.133e-005, 2.181e-005, 2.514e-005, 0, 0, 0, 0, 0, 0, 0, 0, 0, 0, 0, 0, 2.343e-005, 0.2499, 2.219e-005, 2.314e-005, 0, 0, 0, 0, 0, 0, 0, 0, 0, 0, 0, 0, 2.171e-005, 2.41e-005, 0.2499, 2.181e-005, 0, 0, 0, 0, 0, 0, 0, 0, 0, 0, 0, 0, 2.305e-005, 2.333e-005, 2.352e-005, 0.2499, 0, 0, 0, 0, 0, 0, 0, 0, 0, 0, 0, 0, 

Probabilities of results length 4 and mask [0, 1, 2, 3] are: 2.2e-005, 2.2e-005, 2.181e-005, 0.2499, 2.171e-005, 2.2e-005, 0.2499, 2.467e-005, 2.2e-005, 0.2499, 2.19e-005, 2.381e-005, 0.2499, 2.371e-005, 2.457e-005, 2.133e-005, 

Probabilities of results length 6 and mask [0, 3, 4, 5] are: 2.086e-005, 2.314e-005, 0, 0, 0, 0, 0, 0, 0.2499, 2.333e-005, 0, 0, 0, 0, 0, 0, 2.124e-005, 2.248e-005, 0, 0, 0, 0, 0, 0, 2.438e-005, 0.2499, 0, 0, 0, 0, 0, 0, 0.2499, 2.381e-005, 0, 0, 0, 0, 0, 0, 2.362e-005, 2.21e-005, 0, 0, 0, 0, 0, 0, 2.457e-005, 0.2499, 0, 0, 0, 0, 0, 0, 2.2e-005, 2.381e-005, 0, 0, 0, 0, 0, 0, 

Probabilities of results length 5 and mask [0, 3, 4] are: 0.25, 4.695e-005, 0, 0, 0, 0, 0, 0, 0.25, 4.543e-005, 0, 0, 0, 0, 0, 0, 4.581e-005, 0.25, 0, 0, 0, 0, 0, 0, 4.638e-005, 0.25, 0, 0, 0, 0, 0, 0, 

Probabilities of results length 5 and mask [0, 1, 2, 4] are: 2.124e-005, 2.248e-005, 2.114e-005, 2.286e-005, 0.2499, 2.295e-005, 0.2499, 2.41e-005, 0, 0, 0, 0, 0, 0, 0, 0, 2.276e-005, 0.2499, 2.257e-005, 0.2499, 2.371e-005, 2.276e-005, 2.314e-005, 2.19e-005, 0, 0, 0, 0, 0, 0, 0, 0, 

Probabilities of results length 5 and mask [0, 1, 3, 4] are: 2.124e-005, 2.257e-005, 0.2499, 2.438e-005, 0, 0, 0, 0, 0.2499, 2.286e-005, 2.41e-005, 2.257e-005, 0, 0, 0, 0, 2.248e-005, 2.143e-005, 2.333e-005, 0.2499, 0, 0, 0, 0, 2.4e-005, 0.2499, 2.238e-005, 2.257e-005, 0, 0, 0, 0, 

Probabilities of results length 6 and mask [0, 1, 2, 3, 4, 5] are: 5.238e-006, 5.429e-006, 5.143e-006, 6.19e-006, 5.048e-006, 5.143e-006, 5.429e-006, 6.381e-006, 4.952e-006, 5.619e-006, 4.952e-006, 6.286e-006, 0.2499, 5.143e-006, 6.286e-006, 6.286e-006, 5.238e-006, 5.333e-006, 5.143e-006, 6e-006, 5.143e-006, 5.81e-006, 5.714e-006, 5.333e-006, 5.81e-006, 0.2499, 5.429e-006, 6.286e-006, 7.238e-006, 5.905e-006, 5.905e-006, 5.524e-006, 5.429e-006, 5.905e-006, 5.048e-006, 5.619e-006, 5.524e-006, 6.095e-006, 0.2499, 6.19e-006, 5.619e-006, 5.524e-006, 6e-006, 4.762e-006, 5.143e-006, 6.571e-006, 6.857e-006, 5.238e-006, 6.095e-006, 5.333e-006, 6.476e-006, 0.2499, 6e-006, 4.952e-006, 6e-006, 6.762e-006, 5.619e-006, 6.952e-006, 5.524e-006, 6.476e-006, 5.333e-006, 6.095e-006, 5.524e-006, 4.286e-006, 

Probabilities of results length 5 and mask [0, 2, 3, 4] are: 2.086e-005, 2.314e-005, 0, 0, 0.2499, 2.381e-005, 0, 0, 2.152e-005, 2.219e-005, 0, 0, 0.2499, 2.324e-005, 0, 0, 2.295e-005, 0.2499, 0, 0, 2.286e-005, 2.286e-005, 0, 0, 2.238e-005, 0.2499, 0, 0, 2.4e-005, 2.181e-005, 0, 0, 

Probabilities of results length 6 and mask [0, 2, 3, 4, 5] are: 1.038e-005, 1.162e-005, 0, 0, 1.048e-005, 1.152e-005, 0, 0, 9.905e-006, 1.19e-005, 0, 0, 0.2499, 1.143e-005, 0, 0, 1.038e-005, 1.133e-005, 0, 0, 1.086e-005, 1.114e-005, 0, 0, 1.124e-005, 0.2499, 0, 0, 1.314e-005, 1.143e-005, 0, 0, 1.048e-005, 1.152e-005, 0, 0, 0.2499, 1.229e-005, 0, 0, 1.162e-005, 1.029e-005, 0, 0, 1.2e-005, 1.181e-005, 0, 0, 1.257e-005, 0.2499, 0, 0, 1.2e-005, 1.171e-005, 0, 0, 1.114e-005, 1.343e-005, 0, 0, 1.086e-005, 1.038e-005, 0, 0, 

Probabilities of results length 5 and mask [0, 1, 2, 3, 4] are: 1.067e-005, 1.133e-005, 1.019e-005, 1.181e-005, 1.057e-005, 1.124e-005, 0.2499, 1.257e-005, 1.057e-005, 1.114e-005, 1.095e-005, 1.105e-005, 0.2499, 1.171e-005, 1.314e-005, 1.152e-005, 1.133e-005, 1.067e-005, 1.162e-005, 0.2499, 1.114e-005, 1.076e-005, 1.171e-005, 1.21e-005, 1.143e-005, 0.2499, 1.095e-005, 1.276e-005, 1.257e-005, 1.2e-005, 1.143e-005, 9.81e-006, 

Probabilities of results length 6 and mask [0, 5] are: 0.25, 0.25, 0, 0, 0, 0, 0, 0, 0, 0, 0, 0, 0, 0, 0, 0, 0, 0, 0, 0, 0, 0, 0, 0, 0, 0, 0, 0, 0, 0, 0, 0, 0.25, 0.25, 0, 0, 0, 0, 0, 0, 0, 0, 0, 0, 0, 0, 0, 0, 0, 0, 0, 0, 0, 0, 0, 0, 0, 0, 0, 0, 0, 0, 0, 0, 

Probabilities of results length 6 and mask [0, 2, 4, 5] are: 2.029e-005, 2.352e-005, 0, 0, 0.2499, 2.295e-005, 0, 0, 0, 0, 0, 0, 0, 0, 0, 0, 2.162e-005, 0.2499, 0, 0, 2.4e-005, 2.257e-005, 0, 0, 0, 0, 0, 0, 0, 0, 0, 0, 2.21e-005, 2.181e-005, 0, 0, 0.2499, 2.41e-005, 0, 0, 0, 0, 0, 0, 0, 0, 0, 0, 2.371e-005, 0.2499, 0, 0, 2.286e-005, 2.21e-005, 0, 0, 0, 0, 0, 0, 0, 0, 0, 0, 

Probabilities of results length 6 and mask [0, 1, 5] are: 0.25, 0.25, 4.4e-005, 4.829e-005, 0, 0, 0, 0, 0, 0, 0, 0, 0, 0, 0, 0, 0, 0, 0, 0, 0, 0, 0, 0, 0, 0, 0, 0, 0, 0, 0, 0, 4.476e-005, 4.743e-005, 0.25, 0.25, 0, 0, 0, 0, 0, 0, 0, 0, 0, 0, 0, 0, 0, 0, 0, 0, 0, 0, 0, 0, 0, 0, 0, 0, 0, 0, 0, 0, 

Probabilities of results length 6 and mask [0, 2, 5] are: 4.19e-005, 0.25, 0, 0, 0.25, 4.552e-005, 0, 0, 0, 0, 0, 0, 0, 0, 0, 0, 0, 0, 0, 0, 0, 0, 0, 0, 0, 0, 0, 0, 0, 0, 0, 0, 4.581e-005, 0.25, 0, 0, 0.25, 4.619e-005, 0, 0, 0, 0, 0, 0, 0, 0, 0, 0, 0, 0, 0, 0, 0, 0, 0, 0, 0, 0, 0, 0, 0, 0, 0, 0, 

Probabilities of results length 6 and mask [0, 3, 5] are: 4.21e-005, 4.562e-005, 0, 0, 0, 0, 0, 0, 0.25, 0.25, 0, 0, 0, 0, 0, 0, 0, 0, 0, 0, 0, 0, 0, 0, 0, 0, 0, 0, 0, 0, 0, 0, 0.25, 0.25, 0, 0, 0, 0, 0, 0, 4.562e-005, 4.59e-005, 0, 0, 0, 0, 0, 0, 0, 0, 0, 0, 0, 0, 0, 0, 0, 0, 0, 0, 0, 0, 0, 0, 

Probabilities of results length 6 and mask [0, 1, 2, 5] are: 2.124e-005, 0.2499, 2.067e-005, 2.476e-005, 0.2499, 2.2e-005, 2.333e-005, 2.352e-005, 0, 0, 0, 0, 0, 0, 0, 0, 0, 0, 0, 0, 0, 0, 0, 0, 0, 0, 0, 0, 0, 0, 0, 0, 2.276e-005, 2.371e-005, 2.305e-005, 0.2499, 2.2e-005, 2.371e-005, 0.2499, 2.248e-005, 0, 0, 0, 0, 0, 0, 0, 0, 0, 0, 0, 0, 0, 0, 0, 0, 0, 0, 0, 0, 0, 0, 0, 0, 

Probabilities of results length 6 and mask [0, 1, 3, 5] are: 2.067e-005, 2.171e-005, 2.143e-005, 2.39e-005, 0, 0, 0, 0, 0.2499, 0.2499, 2.257e-005, 2.438e-005, 0, 0, 0, 0, 0, 0, 0, 0, 0, 0, 0, 0, 0, 0, 0, 0, 0, 0, 0, 0, 2.305e-005, 2.229e-005, 0.2499, 0.2499, 0, 0, 0, 0, 2.171e-005, 2.514e-005, 2.39e-005, 2.076e-005, 0, 0, 0, 0, 0, 0, 0, 0, 0, 0, 0, 0, 0, 0, 0, 0, 0, 0, 0, 0, 

Probabilities of results length 6 and mask [0, 1, 2, 4, 5] are: 1.019e-005, 1.105e-005, 1.01e-005, 1.248e-005, 0.2499, 1.029e-005, 1.171e-005, 1.267e-005, 0, 0, 0, 0, 0, 0, 0, 0, 1.105e-005, 0.2499, 1.057e-005, 1.229e-005, 1.238e-005, 1.171e-005, 1.162e-005, 1.086e-005, 0, 0, 0, 0, 0, 0, 0, 0, 1.105e-005, 1.143e-005, 1.105e-005, 1.038e-005, 1.067e-005, 1.267e-005, 0.2499, 1.143e-005, 0, 0, 0, 0, 0, 0, 0, 0, 1.171e-005, 1.229e-005, 1.2e-005, 0.2499, 1.133e-005, 1.105e-005, 1.152e-005, 1.105e-005, 0, 0, 0, 0, 0, 0, 0, 0, 

Probabilities of results length 6 and mask [0, 1, 3, 4, 5] are: 1.029e-005, 1.057e-005, 1.057e-005, 1.257e-005, 0, 0, 0, 0, 0.2499, 1.076e-005, 1.124e-005, 1.257e-005, 0, 0, 0, 0, 1.038e-005, 1.114e-005, 1.086e-005, 1.133e-005, 0, 0, 0, 0, 1.305e-005, 0.2499, 1.133e-005, 1.181e-005, 0, 0, 0, 0, 1.095e-005, 1.2e-005, 0.2499, 1.181e-005, 0, 0, 0, 0, 1.076e-005, 1.21e-005, 1.286e-005, 1e-005, 0, 0, 0, 0, 1.21e-005, 1.029e-005, 1.248e-005, 0.2499, 0, 0, 0, 0, 1.095e-005, 1.305e-005, 1.105e-005, 1.076e-005, 0, 0, 0, 0, 

Probabilities of results length 4 and mask [0, 1, 3] are: 4.371e-005, 4.4e-005, 0.25, 0.25, 0, 0, 0, 0, 0.25, 0.25, 4.648e-005, 4.514e-005, 0, 0, 0, 0, 

Probabilities of results length 5 and mask [0, 2, 4] are: 4.238e-005, 4.533e-005, 0, 0, 0.4999, 4.705e-005, 0, 0, 0, 0, 0, 0, 0, 0, 0, 0, 4.533e-005, 0.4999, 0, 0, 4.686e-005, 4.467e-005, 0, 0, 0, 0, 0, 0, 0, 0, 0, 0, 

Probabilities of results length 2 and mask [0, 1] are: 0.25, 0.25, 0.25, 0.25, 

Probabilities of results length 6 and mask [0, 1, 2, 3, 5] are: 1.048e-005, 1.076e-005, 1.029e-005, 1.219e-005, 1.019e-005, 1.095e-005, 1.114e-005, 1.171e-005, 1.076e-005, 0.2499, 1.038e-005, 1.257e-005, 0.2499, 1.105e-005, 1.219e-005, 1.181e-005, 0, 0, 0, 0, 0, 0, 0, 0, 0, 0, 0, 0, 0, 0, 0, 0, 1.152e-005, 1.124e-005, 1.152e-005, 0.2499, 1.152e-005, 1.105e-005, 0.2499, 1.295e-005, 1.124e-005, 1.248e-005, 1.152e-005, 1.124e-005, 1.048e-005, 1.267e-005, 1.238e-005, 9.524e-006, 0, 0, 0, 0, 0, 0, 0, 0, 0, 0, 0, 0, 0, 0, 0, 0, 

Probabilities of results length 5 and mask [0, 1, 4] are: 0.25, 4.543e-005, 0.25, 4.695e-005, 0, 0, 0, 0, 0, 0, 0, 0, 0, 0, 0, 0, 4.648e-005, 0.25, 4.571e-005, 0.25, 0, 0, 0, 0, 0, 0, 0, 0, 0, 0, 0, 0, 

Probabilities of results length 3 and mask [0, 2] are: 8.771e-005, 0.4999, 0, 0, 0.4999, 9.171e-005, 0, 0, 

Probabilities of results length 3 and mask [0, 1, 2] are: 4.4e-005, 0.25, 4.371e-005, 0.25, 0.25, 4.571e-005, 0.25, 4.6e-005, 

Probabilities of results length 4 and mask [0, 3] are: 0.25, 0.25, 0, 0, 0, 0, 0, 0, 0.25, 0.25, 0, 0, 0, 0, 0, 0, 

Probabilities of results length 6 and mask [0, 2, 3, 5] are: 2.076e-005, 2.295e-005, 0, 0, 2.133e-005, 2.267e-005, 0, 0, 2.114e-005, 0.2499, 0, 0, 0.2499, 2.286e-005, 0, 0, 0, 0, 0, 0, 0, 0, 0, 0, 0, 0, 0, 0, 0, 0, 0, 0, 2.305e-005, 0.2499, 0, 0, 0.2499, 2.4e-005, 0, 0, 2.276e-005, 2.371e-005, 0, 0, 2.286e-005, 2.219e-005, 0, 0, 0, 0, 0, 0, 0, 0, 0, 0, 0, 0, 0, 0, 0, 0, 0, 0, 

Probabilities of results length 5 and mask [0, 4] are: 0.4999, 9.238e-005, 0, 0, 0, 0, 0, 0, 0, 0, 0, 0, 0, 0, 0, 0, 9.219e-005, 0.4999, 0, 0, 0, 0, 0, 0, 0, 0, 0, 0, 0, 0, 0, 0, 

Probabilities of results length 6 and mask [0, 4, 5] are: 0.25, 4.648e-005, 0, 0, 0, 0, 0, 0, 0, 0, 0, 0, 0, 0, 0, 0, 4.562e-005, 0.25, 0, 0, 0, 0, 0, 0, 0, 0, 0, 0, 0, 0, 0, 0, 0.25, 4.59e-005, 0, 0, 0, 0, 0, 0, 0, 0, 0, 0, 0, 0, 0, 0, 4.657e-005, 0.25, 0, 0, 0, 0, 0, 0, 0, 0, 0, 0, 0, 0, 0, 0, 

Probabilities of results length 4 and mask [0, 2, 3] are: 4.381e-005, 0.25, 0, 0, 0.25, 4.667e-005, 0, 0, 4.39e-005, 0.25, 0, 0, 0.25, 4.505e-005, 0, 0, 

Probabilities of results length 6 and mask [0, 1, 4, 5] are: 0.2499, 2.133e-005, 2.181e-005, 2.514e-005, 0, 0, 0, 0, 0, 0, 0, 0, 0, 0, 0, 0, 2.343e-005, 0.2499, 2.219e-005, 2.314e-005, 0, 0, 0, 0, 0, 0, 0, 0, 0, 0, 0, 0, 2.171e-005, 2.41e-005, 0.2499, 2.181e-005, 0, 0, 0, 0, 0, 0, 0, 0, 0, 0, 0, 0, 2.305e-005, 2.333e-005, 2.352e-005, 0.2499, 0, 0, 0, 0, 0, 0, 0, 0, 0, 0, 0, 0, 

Probabilities of results length 4 and mask [0, 1, 2, 3] are: 2.2e-005, 2.2e-005, 2.181e-005, 0.2499, 2.171e-005, 2.2e-005, 0.2499, 2.467e-005, 2.2e-005, 0.2499, 2.19e-005, 2.381e-005, 0.2499, 2.371e-005, 2.457e-005, 2.133e-005, 

Probabilities of results length 6 and mask [0, 3, 4, 5] are: 2.086e-005, 2.314e-005, 0, 0, 0, 0, 0, 0, 0.2499, 2.333e-005, 0, 0, 0, 0, 0, 0, 2.124e-005, 2.248e-005, 0, 0, 0, 0, 0, 0, 2.438e-005, 0.2499, 0, 0, 0, 0, 0, 0, 0.2499, 2.381e-005, 0, 0, 0, 0, 0, 0, 2.362e-005, 2.21e-005, 0, 0, 0, 0, 0, 0, 2.457e-005, 0.2499, 0, 0, 0, 0, 0, 0, 2.2e-005, 2.381e-005, 0, 0, 0, 0, 0, 0, 

Probabilities of results length 5 and mask [0, 3, 4] are: 0.25, 4.695e-005, 0, 0, 0, 0, 0, 0, 0.25, 4.543e-005, 0, 0, 0, 0, 0, 0, 4.581e-005, 0.25, 0, 0, 0, 0, 0, 0, 4.638e-005, 0.25, 0, 0, 0, 0, 0, 0, 

Probabilities of results length 5 and mask [0, 1, 2, 4] are: 2.124e-005, 2.248e-005, 2.114e-005, 2.286e-005, 0.2499, 2.295e-005, 0.2499, 2.41e-005, 0, 0, 0, 0, 0, 0, 0, 0, 2.276e-005, 0.2499, 2.257e-005, 0.2499, 2.371e-005, 2.276e-005, 2.314e-005, 2.19e-005, 0, 0, 0, 0, 0, 0, 0, 0, 

Probabilities of results length 5 and mask [0, 1, 3, 4] are: 2.124e-005, 2.257e-005, 0.2499, 2.438e-005, 0, 0, 0, 0, 0.2499, 2.286e-005, 2.41e-005, 2.257e-005, 0, 0, 0, 0, 2.248e-005, 2.143e-005, 2.333e-005, 0.2499, 0, 0, 0, 0, 2.4e-005, 0.2499, 2.238e-005, 2.257e-005, 0, 0, 0, 0, 

Probabilities of results length 6 and mask [0, 1, 2, 3, 4, 5] are: 5.238e-006, 5.429e-006, 5.143e-006, 6.19e-006, 5.048e-006, 5.143e-006, 5.429e-006, 6.381e-006, 4.952e-006, 5.619e-006, 4.952e-006, 6.286e-006, 0.2499, 5.143e-006, 6.286e-006, 6.286e-006, 5.238e-006, 5.333e-006, 5.143e-006, 6e-006, 5.143e-006, 5.81e-006, 5.714e-006, 5.333e-006, 5.81e-006, 0.2499, 5.429e-006, 6.286e-006, 7.238e-006, 5.905e-006, 5.905e-006, 5.524e-006, 5.429e-006, 5.905e-006, 5.048e-006, 5.619e-006, 5.524e-006, 6.095e-006, 0.2499, 6.19e-006, 5.619e-006, 5.524e-006, 6e-006, 4.762e-006, 5.143e-006, 6.571e-006, 6.857e-006, 5.238e-006, 6.095e-006, 5.333e-006, 6.476e-006, 0.2499, 6e-006, 4.952e-006, 6e-006, 6.762e-006, 5.619e-006, 6.952e-006, 5.524e-006, 6.476e-006, 5.333e-006, 6.095e-006, 5.524e-006, 4.286e-006, 

Probabilities of results length 5 and mask [0, 2, 3, 4] are: 2.086e-005, 2.314e-005, 0, 0, 0.2499, 2.381e-005, 0, 0, 2.152e-005, 2.219e-005, 0, 0, 0.2499, 2.324e-005, 0, 0, 2.295e-005, 0.2499, 0, 0, 2.286e-005, 2.286e-005, 0, 0, 2.238e-005, 0.2499, 0, 0, 2.4e-005, 2.181e-005, 0, 0, 

Probabilities of results length 6 and mask [0, 2, 3, 4, 5] are: 1.038e-005, 1.162e-005, 0, 0, 1.048e-005, 1.152e-005, 0, 0, 9.905e-006, 1.19e-005, 0, 0, 0.2499, 1.143e-005, 0, 0, 1.038e-005, 1.133e-005, 0, 0, 1.086e-005, 1.114e-005, 0, 0, 1.124e-005, 0.2499, 0, 0, 1.314e-005, 1.143e-005, 0, 0, 1.048e-005, 1.152e-005, 0, 0, 0.2499, 1.229e-005, 0, 0, 1.162e-005, 1.029e-005, 0, 0, 1.2e-005, 1.181e-005, 0, 0, 1.257e-005, 0.2499, 0, 0, 1.2e-005, 1.171e-005, 0, 0, 1.114e-005, 1.343e-005, 0, 0, 1.086e-005, 1.038e-005, 0, 0, 

Probabilities of results length 5 and mask [0, 1, 2, 3, 4] are: 1.067e-005, 1.133e-005, 1.019e-005, 1.181e-005, 1.057e-005, 1.124e-005, 0.2499, 1.257e-005, 1.057e-005, 1.114e-005, 1.095e-005, 1.105e-005, 0.2499, 1.171e-005, 1.314e-005, 1.152e-005, 1.133e-005, 1.067e-005, 1.162e-005, 0.2499, 1.114e-005, 1.076e-005, 1.171e-005, 1.21e-005, 1.143e-005, 0.2499, 1.095e-005, 1.276e-005, 1.257e-005, 1.2e-005, 1.143e-005, 9.81e-006, 

Probabilities of results length 6 and mask [0, 5] are: 0.25, 0.25, 0, 0, 0, 0, 0, 0, 0, 0, 0, 0, 0, 0, 0, 0, 0, 0, 0, 0, 0, 0, 0, 0, 0, 0, 0, 0, 0, 0, 0, 0, 0.25, 0.25, 0, 0, 0, 0, 0, 0, 0, 0, 0, 0, 0, 0, 0, 0, 0, 0, 0, 0, 0, 0, 0, 0, 0, 0, 0, 0, 0, 0, 0, 0, 

Probabilities of results length 6 and mask [0, 2, 4, 5] are: 2.029e-005, 2.352e-005, 0, 0, 0.2499, 2.295e-005, 0, 0, 0, 0, 0, 0, 0, 0, 0, 0, 2.162e-005, 0.2499, 0, 0, 2.4e-005, 2.257e-005, 0, 0, 0, 0, 0, 0, 0, 0, 0, 0, 2.21e-005, 2.181e-005, 0, 0, 0.2499, 2.41e-005, 0, 0, 0, 0, 0, 0, 0, 0, 0, 0, 2.371e-005, 0.2499, 0, 0, 2.286e-005, 2.21e-005, 0, 0, 0, 0, 0, 0, 0, 0, 0, 0, 

Probabilities of results length 6 and mask [0, 1, 5] are: 0.25, 0.25, 4.4e-005, 4.829e-005, 0, 0, 0, 0, 0, 0, 0, 0, 0, 0, 0, 0, 0, 0, 0, 0, 0, 0, 0, 0, 0, 0, 0, 0, 0, 0, 0, 0, 4.476e-005, 4.743e-005, 0.25, 0.25, 0, 0, 0, 0, 0, 0, 0, 0, 0, 0, 0, 0, 0, 0, 0, 0, 0, 0, 0, 0, 0, 0, 0, 0, 0, 0, 0, 0, 

Probabilities of results length 6 and mask [0, 2, 5] are: 4.19e-005, 0.25, 0, 0, 0.25, 4.552e-005, 0, 0, 0, 0, 0, 0, 0, 0, 0, 0, 0, 0, 0, 0, 0, 0, 0, 0, 0, 0, 0, 0, 0, 0, 0, 0, 4.581e-005, 0.25, 0, 0, 0.25, 4.619e-005, 0, 0, 0, 0, 0, 0, 0, 0, 0, 0, 0, 0, 0, 0, 0, 0, 0, 0, 0, 0, 0, 0, 0, 0, 0, 0, 

Probabilities of results length 6 and mask [0, 3, 5] are: 4.21e-005, 4.562e-005, 0, 0, 0, 0, 0, 0, 0.25, 0.25, 0, 0, 0, 0, 0, 0, 0, 0, 0, 0, 0, 0, 0, 0, 0, 0, 0, 0, 0, 0, 0, 0, 0.25, 0.25, 0, 0, 0, 0, 0, 0, 4.562e-005, 4.59e-005, 0, 0, 0, 0, 0, 0, 0, 0, 0, 0, 0, 0, 0, 0, 0, 0, 0, 0, 0, 0, 0, 0, 

Probabilities of results length 6 and mask [0, 1, 2, 5] are: 2.124e-005, 0.2499, 2.067e-005, 2.476e-005, 0.2499, 2.2e-005, 2.333e-005, 2.352e-005, 0, 0, 0, 0, 0, 0, 0, 0, 0, 0, 0, 0, 0, 0, 0, 0, 0, 0, 0, 0, 0, 0, 0, 0, 2.276e-005, 2.371e-005, 2.305e-005, 0.2499, 2.2e-005, 2.371e-005, 0.2499, 2.248e-005, 0, 0, 0, 0, 0, 0, 0, 0, 0, 0, 0, 0, 0, 0, 0, 0, 0, 0, 0, 0, 0, 0, 0, 0, 

Probabilities of results length 6 and mask [0, 1, 3, 5] are: 2.067e-005, 2.171e-005, 2.143e-005, 2.39e-005, 0, 0, 0, 0, 0.2499, 0.2499, 2.257e-005, 2.438e-005, 0, 0, 0, 0, 0, 0, 0, 0, 0, 0, 0, 0, 0, 0, 0, 0, 0, 0, 0, 0, 2.305e-005, 2.229e-005, 0.2499, 0.2499, 0, 0, 0, 0, 2.171e-005, 2.514e-005, 2.39e-005, 2.076e-005, 0, 0, 0, 0, 0, 0, 0, 0, 0, 0, 0, 0, 0, 0, 0, 0, 0, 0, 0, 0, 

Probabilities of results length 6 and mask [0, 1, 2, 4, 5] are: 1.019e-005, 1.105e-005, 1.01e-005, 1.248e-005, 0.2499, 1.029e-005, 1.171e-005, 1.267e-005, 0, 0, 0, 0, 0, 0, 0, 0, 1.105e-005, 0.2499, 1.057e-005, 1.229e-005, 1.238e-005, 1.171e-005, 1.162e-005, 1.086e-005, 0, 0, 0, 0, 0, 0, 0, 0, 1.105e-005, 1.143e-005, 1.105e-005, 1.038e-005, 1.067e-005, 1.267e-005, 0.2499, 1.143e-005, 0, 0, 0, 0, 0, 0, 0, 0, 1.171e-005, 1.229e-005, 1.2e-005, 0.2499, 1.133e-005, 1.105e-005, 1.152e-005, 1.105e-005, 0, 0, 0, 0, 0, 0, 0, 0, 

Probabilities of results length 6 and mask [0, 1, 3, 4, 5] are: 1.029e-005, 1.057e-005, 1.057e-005, 1.257e-005, 0, 0, 0, 0, 0.2499, 1.076e-005, 1.124e-005, 1.257e-005, 0, 0, 0, 0, 1.038e-005, 1.114e-005, 1.086e-005, 1.133e-005, 0, 0, 0, 0, 1.305e-005, 0.2499, 1.133e-005, 1.181e-005, 0, 0, 0, 0, 1.095e-005, 1.2e-005, 0.2499, 1.181e-005, 0, 0, 0, 0, 1.076e-005, 1.21e-005, 1.286e-005, 1e-005, 0, 0, 0, 0, 1.21e-005, 1.029e-005, 1.248e-005, 0.2499, 0, 0, 0, 0, 1.095e-005, 1.305e-005, 1.105e-005, 1.076e-005, 0, 0, 0, 0, 

Probabilities of results length 4 and mask [0, 1, 3] are: 4.371e-005, 4.4e-005, 0.25, 0.25, 0, 0, 0, 0, 0.25, 0.25, 4.648e-005, 4.514e-005, 0, 0, 0, 0, 

Probabilities of results length 5 and mask [0, 2, 4] are: 4.238e-005, 4.533e-005, 0, 0, 0.4999, 4.705e-005, 0, 0, 0, 0, 0, 0, 0, 0, 0, 0, 4.533e-005, 0.4999, 0, 0, 4.686e-005, 4.467e-005, 0, 0, 0, 0, 0, 0, 0, 0, 0, 0, 

Probabilities of results length 2 and mask [0, 1] are: 0.25, 0.25, 0.25, 0.25, 

Probabilities of results length 6 and mask [0, 1, 2, 3, 5] are: 1.048e-005, 1.076e-005, 1.029e-005, 1.219e-005, 1.019e-005, 1.095e-005, 1.114e-005, 1.171e-005, 1.076e-005, 0.2499, 1.038e-005, 1.257e-005, 0.2499, 1.105e-005, 1.219e-005, 1.181e-005, 0, 0, 0, 0, 0, 0, 0, 0, 0, 0, 0, 0, 0, 0, 0, 0, 1.152e-005, 1.124e-005, 1.152e-005, 0.2499, 1.152e-005, 1.105e-005, 0.2499, 1.295e-005, 1.124e-005, 1.248e-005, 1.152e-005, 1.124e-005, 1.048e-005, 1.267e-005, 1.238e-005, 9.524e-006, 0, 0, 0, 0, 0, 0, 0, 0, 0, 0, 0, 0, 0, 0, 0, 0, 

Probabilities of results length 5 and mask [0, 1, 4] are: 0.25, 4.543e-005, 0.25, 4.695e-005, 0, 0, 0, 0, 0, 0, 0, 0, 0, 0, 0, 0, 4.648e-005, 0.25, 4.571e-005, 0.25, 0, 0, 0, 0, 0, 0, 0, 0, 0, 0, 0, 0, 

Probabilities of results length 3 and mask [0, 2] are: 8.771e-005, 0.4999, 0, 0, 0.4999, 9.171e-005, 0, 0, 

Probabilities of results length 3 and mask [0, 1, 2] are: 4.4e-005, 0.25, 4.371e-005, 0.25, 0.25, 4.571e-005, 0.25, 4.6e-005, 

Probabilities of results length 4 and mask [0, 3] are: 0.25, 0.25, 0, 0, 0, 0, 0, 0, 0.25, 0.25, 0, 0, 0, 0, 0, 0, 

Probabilities of results length 6 and mask [0, 2, 3, 5] are: 2.076e-005, 2.295e-005, 0, 0, 2.133e-005, 2.267e-005, 0, 0, 2.114e-005, 0.2499, 0, 0, 0.2499, 2.286e-005, 0, 0, 0, 0, 0, 0, 0, 0, 0, 0, 0, 0, 0, 0, 0, 0, 0, 0, 2.305e-005, 0.2499, 0, 0, 0.2499, 2.4e-005, 0, 0, 2.276e-005, 2.371e-005, 0, 0, 2.286e-005, 2.219e-005, 0, 0, 0, 0, 0, 0, 0, 0, 0, 0, 0, 0, 0, 0, 0, 0, 0, 0, 

Probabilities of results length 5 and mask [0, 4] are: 0.4999, 9.238e-005, 0, 0, 0, 0, 0, 0, 0, 0, 0, 0, 0, 0, 0, 0, 9.219e-005, 0.4999, 0, 0, 0, 0, 0, 0, 0, 0, 0, 0, 0, 0, 0, 0, 

Probabilities of results length 6 and mask [0, 4, 5] are: 0.25, 4.648e-005, 0, 0, 0, 0, 0, 0, 0, 0, 0, 0, 0, 0, 0, 0, 4.562e-005, 0.25, 0, 0, 0, 0, 0, 0, 0, 0, 0, 0, 0, 0, 0, 0, 0.25, 4.59e-005, 0, 0, 0, 0, 0, 0, 0, 0, 0, 0, 0, 0, 0, 0, 4.657e-005, 0.25, 0, 0, 0, 0, 0, 0, 0, 0, 0, 0, 0, 0, 0, 0, 

Probabilities of results length 4 and mask [0, 2, 3] are: 4.381e-005, 0.25, 0, 0, 0.25, 4.667e-005, 0, 0, 4.39e-005, 0.25, 0, 0, 0.25, 4.505e-005, 0, 0, 

Probabilities of results length 6 and mask [0, 1, 4, 5] are: 0.2499, 2.133e-005, 2.181e-005, 2.514e-005, 0, 0, 0, 0, 0, 0, 0, 0, 0, 0, 0, 0, 2.343e-005, 0.2499, 2.219e-005, 2.314e-005, 0, 0, 0, 0, 0, 0, 0, 0, 0, 0, 0, 0, 2.171e-005, 2.41e-005, 0.2499, 2.181e-005, 0, 0, 0, 0, 0, 0, 0, 0, 0, 0, 0, 0, 2.305e-005, 2.333e-005, 2.352e-005, 0.2499, 0, 0, 0, 0, 0, 0, 0, 0, 0, 0, 0, 0, 

Probabilities of results length 4 and mask [0, 1, 2, 3] are: 2.2e-005, 2.2e-005, 2.181e-005, 0.2499, 2.171e-005, 2.2e-005, 0.2499, 2.467e-005, 2.2e-005, 0.2499, 2.19e-005, 2.381e-005, 0.2499, 2.371e-005, 2.457e-005, 2.133e-005, 

Probabilities of results length 6 and mask [0, 3, 4, 5] are: 2.086e-005, 2.314e-005, 0, 0, 0, 0, 0, 0, 0.2499, 2.333e-005, 0, 0, 0, 0, 0, 0, 2.124e-005, 2.248e-005, 0, 0, 0, 0, 0, 0, 2.438e-005, 0.2499, 0, 0, 0, 0, 0, 0, 0.2499, 2.381e-005, 0, 0, 0, 0, 0, 0, 2.362e-005, 2.21e-005, 0, 0, 0, 0, 0, 0, 2.457e-005, 0.2499, 0, 0, 0, 0, 0, 0, 2.2e-005, 2.381e-005, 0, 0, 0, 0, 0, 0, 

Probabilities of results length 5 and mask [0, 3, 4] are: 0.25, 4.695e-005, 0, 0, 0, 0, 0, 0, 0.25, 4.543e-005, 0, 0, 0, 0, 0, 0, 4.581e-005, 0.25, 0, 0, 0, 0, 0, 0, 4.638e-005, 0.25, 0, 0, 0, 0, 0, 0, 

Probabilities of results length 5 and mask [0, 1, 2, 4] are: 2.124e-005, 2.248e-005, 2.114e-005, 2.286e-005, 0.2499, 2.295e-005, 0.2499, 2.41e-005, 0, 0, 0, 0, 0, 0, 0, 0, 2.276e-005, 0.2499, 2.257e-005, 0.2499, 2.371e-005, 2.276e-005, 2.314e-005, 2.19e-005, 0, 0, 0, 0, 0, 0, 0, 0, 

Probabilities of results length 5 and mask [0, 1, 3, 4] are: 2.124e-005, 2.257e-005, 0.2499, 2.438e-005, 0, 0, 0, 0, 0.2499, 2.286e-005, 2.41e-005, 2.257e-005, 0, 0, 0, 0, 2.248e-005, 2.143e-005, 2.333e-005, 0.2499, 0, 0, 0, 0, 2.4e-005, 0.2499, 2.238e-005, 2.257e-005, 0, 0, 0, 0, 

Probabilities of results length 6 and mask [0, 1, 2, 3, 4, 5] are: 5.238e-006, 5.429e-006, 5.143e-006, 6.19e-006, 5.048e-006, 5.143e-006, 5.429e-006, 6.381e-006, 4.952e-006, 5.619e-006, 4.952e-006, 6.286e-006, 0.2499, 5.143e-006, 6.286e-006, 6.286e-006, 5.238e-006, 5.333e-006, 5.143e-006, 6e-006, 5.143e-006, 5.81e-006, 5.714e-006, 5.333e-006, 5.81e-006, 0.2499, 5.429e-006, 6.286e-006, 7.238e-006, 5.905e-006, 5.905e-006, 5.524e-006, 5.429e-006, 5.905e-006, 5.048e-006, 5.619e-006, 5.524e-006, 6.095e-006, 0.2499, 6.19e-006, 5.619e-006, 5.524e-006, 6e-006, 4.762e-006, 5.143e-006, 6.571e-006, 6.857e-006, 5.238e-006, 6.095e-006, 5.333e-006, 6.476e-006, 0.2499, 6e-006, 4.952e-006, 6e-006, 6.762e-006, 5.619e-006, 6.952e-006, 5.524e-006, 6.476e-006, 5.333e-006, 6.095e-006, 5.524e-006, 4.286e-006, 

Probabilities of results length 5 and mask [0, 2, 3, 4] are: 2.086e-005, 2.314e-005, 0, 0, 0.2499, 2.381e-005, 0, 0, 2.152e-005, 2.219e-005, 0, 0, 0.2499, 2.324e-005, 0, 0, 2.295e-005, 0.2499, 0, 0, 2.286e-005, 2.286e-005, 0, 0, 2.238e-005, 0.2499, 0, 0, 2.4e-005, 2.181e-005, 0, 0, 

Probabilities of results length 6 and mask [0, 2, 3, 4, 5] are: 1.038e-005, 1.162e-005, 0, 0, 1.048e-005, 1.152e-005, 0, 0, 9.905e-006, 1.19e-005, 0, 0, 0.2499, 1.143e-005, 0, 0, 1.038e-005, 1.133e-005, 0, 0, 1.086e-005, 1.114e-005, 0, 0, 1.124e-005, 0.2499, 0, 0, 1.314e-005, 1.143e-005, 0, 0, 1.048e-005, 1.152e-005, 0, 0, 0.2499, 1.229e-005, 0, 0, 1.162e-005, 1.029e-005, 0, 0, 1.2e-005, 1.181e-005, 0, 0, 1.257e-005, 0.2499, 0, 0, 1.2e-005, 1.171e-005, 0, 0, 1.114e-005, 1.343e-005, 0, 0, 1.086e-005, 1.038e-005, 0, 0, 

Probabilities of results length 5 and mask [0, 1, 2, 3, 4] are: 1.067e-005, 1.133e-005, 1.019e-005, 1.181e-005, 1.057e-005, 1.124e-005, 0.2499, 1.257e-005, 1.057e-005, 1.114e-005, 1.095e-005, 1.105e-005, 0.2499, 1.171e-005, 1.314e-005, 1.152e-005, 1.133e-005, 1.067e-005, 1.162e-005, 0.2499, 1.114e-005, 1.076e-005, 1.171e-005, 1.21e-005, 1.143e-005, 0.2499, 1.095e-005, 1.276e-005, 1.257e-005, 1.2e-005, 1.143e-005, 9.81e-006, 

Probabilities of results length 6 and mask [0, 5] are: 0.25, 0.25, 0, 0, 0, 0, 0, 0, 0, 0, 0, 0, 0, 0, 0, 0, 0, 0, 0, 0, 0, 0, 0, 0, 0, 0, 0, 0, 0, 0, 0, 0, 0.25, 0.25, 0, 0, 0, 0, 0, 0, 0, 0, 0, 0, 0, 0, 0, 0, 0, 0, 0, 0, 0, 0, 0, 0, 0, 0, 0, 0, 0, 0, 0, 0, 

Probabilities of results length 6 and mask [0, 2, 4, 5] are: 2.029e-005, 2.352e-005, 0, 0, 0.2499, 2.295e-005, 0, 0, 0, 0, 0, 0, 0, 0, 0, 0, 2.162e-005, 0.2499, 0, 0, 2.4e-005, 2.257e-005, 0, 0, 0, 0, 0, 0, 0, 0, 0, 0, 2.21e-005, 2.181e-005, 0, 0, 0.2499, 2.41e-005, 0, 0, 0, 0, 0, 0, 0, 0, 0, 0, 2.371e-005, 0.2499, 0, 0, 2.286e-005, 2.21e-005, 0, 0, 0, 0, 0, 0, 0, 0, 0, 0, 

Probabilities of results length 6 and mask [0, 1, 5] are: 0.25, 0.25, 4.4e-005, 4.829e-005, 0, 0, 0, 0, 0, 0, 0, 0, 0, 0, 0, 0, 0, 0, 0, 0, 0, 0, 0, 0, 0, 0, 0, 0, 0, 0, 0, 0, 4.476e-005, 4.743e-005, 0.25, 0.25, 0, 0, 0, 0, 0, 0, 0, 0, 0, 0, 0, 0, 0, 0, 0, 0, 0, 0, 0, 0, 0, 0, 0, 0, 0, 0, 0, 0, 

Probabilities of results length 6 and mask [0, 2, 5] are: 4.19e-005, 0.25, 0, 0, 0.25, 4.552e-005, 0, 0, 0, 0, 0, 0, 0, 0, 0, 0, 0, 0, 0, 0, 0, 0, 0, 0, 0, 0, 0, 0, 0, 0, 0, 0, 4.581e-005, 0.25, 0, 0, 0.25, 4.619e-005, 0, 0, 0, 0, 0, 0, 0, 0, 0, 0, 0, 0, 0, 0, 0, 0, 0, 0, 0, 0, 0, 0, 0, 0, 0, 0, 

Probabilities of results length 6 and mask [0, 3, 5] are: 4.21e-005, 4.562e-005, 0, 0, 0, 0, 0, 0, 0.25, 0.25, 0, 0, 0, 0, 0, 0, 0, 0, 0, 0, 0, 0, 0, 0, 0, 0, 0, 0, 0, 0, 0, 0, 0.25, 0.25, 0, 0, 0, 0, 0, 0, 4.562e-005, 4.59e-005, 0, 0, 0, 0, 0, 0, 0, 0, 0, 0, 0, 0, 0, 0, 0, 0, 0, 0, 0, 0, 0, 0, 

Probabilities of results length 6 and mask [0, 1, 2, 5] are: 2.124e-005, 0.2499, 2.067e-005, 2.476e-005, 0.2499, 2.2e-005, 2.333e-005, 2.352e-005, 0, 0, 0, 0, 0, 0, 0, 0, 0, 0, 0, 0, 0, 0, 0, 0, 0, 0, 0, 0, 0, 0, 0, 0, 2.276e-005, 2.371e-005, 2.305e-005, 0.2499, 2.2e-005, 2.371e-005, 0.2499, 2.248e-005, 0, 0, 0, 0, 0, 0, 0, 0, 0, 0, 0, 0, 0, 0, 0, 0, 0, 0, 0, 0, 0, 0, 0, 0, 

Probabilities of results length 6 and mask [0, 1, 3, 5] are: 2.067e-005, 2.171e-005, 2.143e-005, 2.39e-005, 0, 0, 0, 0, 0.2499, 0.2499, 2.257e-005, 2.438e-005, 0, 0, 0, 0, 0, 0, 0, 0, 0, 0, 0, 0, 0, 0, 0, 0, 0, 0, 0, 0, 2.305e-005, 2.229e-005, 0.2499, 0.2499, 0, 0, 0, 0, 2.171e-005, 2.514e-005, 2.39e-005, 2.076e-005, 0, 0, 0, 0, 0, 0, 0, 0, 0, 0, 0, 0, 0, 0, 0, 0, 0, 0, 0, 0, 

Probabilities of results length 6 and mask [0, 1, 2, 4, 5] are: 1.019e-005, 1.105e-005, 1.01e-005, 1.248e-005, 0.2499, 1.029e-005, 1.171e-005, 1.267e-005, 0, 0, 0, 0, 0, 0, 0, 0, 1.105e-005, 0.2499, 1.057e-005, 1.229e-005, 1.238e-005, 1.171e-005, 1.162e-005, 1.086e-005, 0, 0, 0, 0, 0, 0, 0, 0, 1.105e-005, 1.143e-005, 1.105e-005, 1.038e-005, 1.067e-005, 1.267e-005, 0.2499, 1.143e-005, 0, 0, 0, 0, 0, 0, 0, 0, 1.171e-005, 1.229e-005, 1.2e-005, 0.2499, 1.133e-005, 1.105e-005, 1.152e-005, 1.105e-005, 0, 0, 0, 0, 0, 0, 0, 0, 

Probabilities of results length 6 and mask [0, 1, 3, 4, 5] are: 1.029e-005, 1.057e-005, 1.057e-005, 1.257e-005, 0, 0, 0, 0, 0.2499, 1.076e-005, 1.124e-005, 1.257e-005, 0, 0, 0, 0, 1.038e-005, 1.114e-005, 1.086e-005, 1.133e-005, 0, 0, 0, 0, 1.305e-005, 0.2499, 1.133e-005, 1.181e-005, 0, 0, 0, 0, 1.095e-005, 1.2e-005, 0.2499, 1.181e-005, 0, 0, 0, 0, 1.076e-005, 1.21e-005, 1.286e-005, 1e-005, 0, 0, 0, 0, 1.21e-005, 1.029e-005, 1.248e-005, 0.2499, 0, 0, 0, 0, 1.095e-005, 1.305e-005, 1.105e-005, 1.076e-005, 0, 0, 0, 0, 

9 sec.9.097 sec.2416.86 sec.0.89 sec.0.873 sec.4.524 sec.4.602 sec.4.555 sec.4.492 sec.24.164 sec.4.571 sec.187.087 sec.