Probabilities of results length 4 and mask [0, 1, 3] are: 10496604, 462, 474, 513, 484, 501, 488, 474, 

Probabilities of results length 5 and mask [0, 2, 4] are: 10496591, 476, 493, 494, 474, 511, 492, 469, 

Probabilities of results length 2 and mask [0, 1] are: 10497088, 963, 962, 987, 

Probabilities of results length 5 and mask [0, 1, 4] are: 10496602, 477, 482, 493, 486, 486, 480, 494, 

Probabilities of results length 3 and mask [0, 2] are: 10497065, 987, 985, 963, 

Probabilities of results length 3 and mask [0, 1, 2] are: 10496606, 483, 459, 504, 482, 480, 503, 483, 

Probabilities of results length 4 and mask [0, 3] are: 10497078, 975, 972, 975, 

Probabilities of results length 5 and mask [0, 4] are: 10497084, 970, 966, 980, 

Probabilities of results length 4 and mask [0, 2, 3] are: 10496605, 485, 473, 490, 460, 502, 512, 473, 

Probabilities of results length 4 and mask [0, 1, 2, 3] are: 10496376, 231, 229, 254, 228, 231, 245, 259, 230, 252, 230, 250, 254, 249, 258, 224, 

Probabilities of results length 5 and mask [0, 1, 2, 4] are: 10496369, 236, 222, 240, 233, 241, 260, 253, 237, 247, 237, 264, 249, 239, 243, 230, 

Probabilities of results length 5 and mask [0, 3, 4] are: 10496598, 493, 486, 477, 480, 482, 486, 498, 

Probabilities of results length 5 and mask [0, 1, 3, 4] are: 10496369, 237, 229, 256, 233, 240, 253, 237, 235, 225, 245, 257, 251, 261, 235, 237, 

Probabilities of results length 5 and mask [0, 2, 3, 4] are: 10496365, 243, 233, 250, 226, 233, 260, 244, 240, 242, 240, 240, 234, 269, 252, 229, 

Probabilities of results length 5 and mask [0, 1, 2, 3, 4] are: 10496258, 119, 107, 124, 111, 118, 122, 132, 111, 117, 115, 116, 122, 123, 138, 121, 118, 112, 122, 130, 117, 113, 123, 127, 119, 135, 115, 134, 132, 126, 120, 103, 

Probabilities of results length 4 and mask [0, 1, 3] are: 68, 59, 55, 65, 70, 49, 52, 42, 

Probabilities of results length 5 and mask [0, 2, 4] are: 66, 61, 61, 59, 61, 59, 57, 36, 

Probabilities of results length 2 and mask [0, 1] are: 138, 108, 107, 107, 

Probabilities of results length 5 and mask [0, 1, 4] are: 68, 55, 59, 65, 70, 53, 48, 42, 

Probabilities of results length 3 and mask [0, 2] are: 127, 120, 118, 95, 

Probabilities of results length 3 and mask [0, 1, 2] are: 73, 66, 54, 54, 65, 42, 53, 53, 

Probabilities of results length 4 and mask [0, 3] are: 123, 124, 122, 91, 

Probabilities of results length 5 and mask [0, 4] are: 127, 120, 118, 95, 

Probabilities of results length 4 and mask [0, 2, 3] are: 67, 72, 56, 52, 60, 48, 62, 43, 

Probabilities of results length 4 and mask [0, 1, 2, 3] are: 37, 36, 30, 36, 31, 23, 25, 29, 36, 30, 24, 18, 34, 19, 28, 24, 

Probabilities of results length 5 and mask [0, 1, 2, 4] are: 36, 32, 30, 29, 32, 23, 29, 36, 37, 34, 24, 25, 33, 19, 24, 17, 

Probabilities of results length 5 and mask [0, 3, 4] are: 71, 68, 56, 52, 52, 56, 66, 39, 

Probabilities of results length 5 and mask [0, 1, 3, 4] are: 37, 30, 34, 38, 31, 25, 25, 27, 31, 29, 21, 27, 39, 24, 27, 15, 

Probabilities of results length 5 and mask [0, 2, 3, 4] are: 39, 34, 32, 34, 27, 27, 29, 25, 28, 38, 24, 18, 33, 21, 33, 18, 

Probabilities of results length 5 and mask [0, 1, 2, 3, 4] are: 21, 16, 18, 18, 16, 14, 16, 20, 15, 16, 12, 11, 16, 9, 13, 16, 16, 20, 12, 18, 15, 9, 9, 9, 21, 14, 12, 7, 18, 10, 15, 8, 

Probabilities of results length 10 and mask [0, 1, 3, 4, 7, 8, 9] are: 82254, 82207, 81787, 82021, 82099, 82472, 82319, 81807, 82685, 82311, 81700, 82337, 82045, 81829, 82050, 81865, 82182, 82216, 82226, 81676, 81765, 81835, 82095, 82320, 81967, 82326, 81967, 82570, 81743, 81644, 81747, 82001, 82246, 81912, 82348, 82041, 82086, 82101, 82149, 82215, 81713, 81839, 82182, 81825, 81727, 81872, 82364, 81919, 82483, 82054, 81929, 82340, 82238, 81999, 81829, 82182, 81923, 81690, 82193, 81738, 82215, 82222, 82105, 81735, 82256, 82409, 81993, 81763, 81966, 82542, 82294, 81997, 82128, 81629, 82227, 81574, 81827, 81965, 81950, 81761, 81909, 82000, 82182, 82073, 82062, 82266, 81638, 81889, 82180, 81854, 82506, 82317, 82319, 82025, 81832, 82081, 82517, 82018, 82092, 81708, 81789, 82207, 82100, 81670, 81891, 82229, 82421, 82257, 81939, 82179, 81773, 82085, 81750, 81789, 82031, 81654, 81970, 81785, 81935, 81794, 81918, 81838, 81598, 81881, 82274, 82150, 81852, 82010, 

Probabilities of results length 4 and mask [0, 1, 3] are: 1314002, 1312321, 1313382, 1311775, 1312064, 1313093, 1312032, 1311331, 

Probabilities of results length 8 and mask [0, 3, 4, 6, 7] are: 329259, 328338, 328685, 327922, 328946, 327643, 327734, 327542, 328234, 327741, 328117, 329089, 328001, 328358, 327941, 327933, 328166, 328239, 327298, 328418, 328710, 328083, 328091, 328408, 328526, 327563, 328234, 327652, 327542, 328131, 327996, 327460, 

Probabilities of results length 8 and mask [0, 2, 3, 4, 5, 7] are: 164620, 164697, 164171, 164089, 164116, 164214, 164278, 163818, 164173, 163412, 164584, 163811, 164633, 164198, 163964, 163548, 164333, 163294, 164369, 163999, 164700, 164286, 163708, 164693, 164307, 164318, 163883, 164460, 163631, 164500, 163447, 163229, 164253, 164162, 163921, 163873, 163983, 164158, 163938, 163776, 164600, 164085, 163740, 164133, 163881, 164199, 164576, 163877, 164197, 164230, 164321, 163537, 163354, 163727, 164257, 164409, 163719, 163666, 164193, 164330, 163823, 164011, 163807, 163781, 

Probabilities of results length 7 and mask [0, 4, 5, 6] are: 657302, 656485, 657130, 655151, 656106, 656432, 656351, 656525, 655978, 656302, 657021, 656112, 657133, 655743, 654459, 655770, 

Probabilities of results length 10 and mask [0, 3, 4, 8, 9] are: 328449, 328120, 328278, 328434, 328319, 329544, 327585, 327339, 329006, 328347, 328302, 328497, 328011, 327092, 328411, 327748, 328340, 328245, 327960, 328694, 329041, 327374, 327928, 327832, 328390, 327169, 327794, 327456, 327828, 328205, 327838, 328424, 

Probabilities of results length 8 and mask [0, 3, 4, 5, 6, 7] are: 164850, 164437, 164808, 163638, 164764, 163353, 164055, 163883, 164409, 163901, 163877, 164284, 164182, 164290, 163679, 163659, 163941, 164349, 163586, 164394, 163993, 163870, 164542, 163863, 164293, 163392, 164531, 164695, 164008, 164488, 163399, 164070, 164200, 164245, 163444, 164165, 164408, 163946, 163903, 163969, 163966, 163994, 163854, 164253, 164302, 164137, 164188, 164439, 163974, 163790, 164477, 163769, 163932, 164272, 164554, 164107, 164552, 163773, 163757, 163883, 163610, 163859, 163442, 163353, 

Probabilities of results length 7 and mask [0, 2, 3, 6] are: 657819, 655753, 657262, 656550, 656425, 656523, 655383, 655767, 656383, 656111, 655920, 655682, 655696, 656770, 656592, 655364, 

Probabilities of results length 5 and mask [0, 2, 4] are: 1313556, 1312768, 1312963, 1312194, 1312767, 1312389, 1312194, 1311169, 

Probabilities of results length 10 and mask [0, 1, 4, 7, 8, 9] are: 164353, 164679, 164106, 163828, 164730, 164140, 163750, 164202, 163947, 164051, 164321, 163996, 163710, 163970, 163714, 164571, 164332, 164013, 164497, 164256, 163440, 163711, 164546, 163744, 164721, 164053, 163758, 164522, 164138, 163912, 164298, 163473, 164222, 164951, 164287, 163760, 163955, 163594, 164177, 163335, 163971, 164266, 163820, 163962, 164499, 163879, 164338, 164398, 164306, 164225, 164192, 163378, 163830, 164408, 164194, 164342, 163720, 163574, 163966, 163448, 164192, 163988, 163450, 163891, 

Probabilities of results length 2 and mask [0, 1] are: 2626066, 2625414, 2625414, 2623106, 

Probabilities of results length 10 and mask [0, 3, 5, 7, 8, 9] are: 164390, 164594, 164566, 163854, 164036, 164282, 163947, 164119, 164637, 164118, 163712, 164314, 163705, 164670, 163638, 163486, 164253, 163758, 164226, 163917, 164236, 163859, 164100, 164190, 164223, 164271, 164290, 163397, 164305, 163551, 164097, 164741, 164354, 163635, 164730, 164081, 164250, 163740, 163307, 164184, 164046, 164486, 163804, 164063, 164731, 163758, 164047, 164198, 164551, 164022, 163469, 163926, 164370, 164190, 164132, 164215, 163608, 163378, 164572, 164236, 163689, 163784, 163459, 163503, 

Probabilities of results length 8 and mask [0, 3, 4, 5, 7] are: 328791, 328786, 328394, 328032, 328757, 327223, 328597, 327746, 328702, 327293, 328408, 328979, 328190, 328778, 327078, 327729, 328174, 328035, 327921, 327934, 328340, 328218, 328457, 328076, 328518, 327767, 327611, 328136, 327912, 327996, 327630, 327792, 

Probabilities of results length 7 and mask [0, 3, 6] are: 1315081, 1312303, 1311808, 1312290, 1312303, 1311793, 1312288, 1312134, 

Probabilities of results length 10 and mask [0, 1, 3, 5, 6, 9] are: 164261, 164483, 164948, 164127, 163779, 164258, 163963, 163754, 165021, 164188, 163650, 164402, 163956, 164293, 164332, 163970, 164267, 164168, 164027, 163963, 164226, 163585, 164826, 163885, 163904, 163716, 163707, 164056, 163957, 163838, 163537, 164435, 164326, 163902, 164687, 163469, 164203, 164068, 164265, 163575, 164024, 164054, 164164, 163678, 164352, 164263, 162958, 164109, 164048, 164101, 163498, 164049, 164044, 164800, 164063, 163863, 164151, 163709, 164701, 164031, 163547, 163988, 164088, 163740, 

Probabilities of results length 6 and mask [0, 1, 2, 3, 5] are: 329317, 328260, 328329, 328096, 327585, 328394, 328831, 327512, 327627, 328368, 328986, 328401, 328625, 328343, 328131, 326676, 328415, 327794, 328141, 327714, 328685, 327873, 328081, 328453, 328427, 327858, 327081, 328666, 327385, 328524, 327834, 327588, 

Probabilities of results length 5 and mask [0, 1, 4] are: 1313572, 1313812, 1312947, 1311150, 1312494, 1311602, 1312467, 1311956, 

Probabilities of results length 10 and mask [0, 2, 3, 6, 7, 8, 9] are: 82247, 82408, 82317, 82078, 82739, 82264, 81932, 81748, 82018, 82412, 81844, 81978, 82186, 82203, 81656, 81758, 81980, 82540, 82182, 82470, 81628, 82138, 81472, 82061, 81876, 81993, 82304, 81785, 82215, 81776, 82035, 81825, 82021, 81698, 82448, 82208, 82186, 81623, 81913, 82174, 81989, 81821, 82031, 81890, 82223, 82502, 82004, 81808, 82501, 81818, 82184, 81980, 82255, 82250, 81905, 82017, 81739, 82107, 82104, 81917, 81681, 81880, 82546, 81991, 82214, 81400, 82254, 82048, 82257, 81773, 81942, 82167, 82380, 81490, 81756, 82437, 82107, 82334, 81731, 81991, 82178, 81849, 82005, 81893, 81924, 81869, 82127, 82222, 82661, 82276, 81933, 82226, 81398, 82155, 82402, 82015, 82644, 82058, 82060, 82083, 81571, 82178, 81879, 81537, 81920, 82434, 82297, 81637, 81811, 82321, 82340, 82105, 82034, 81982, 81812, 81790, 81865, 82428, 82213, 81841, 81800, 81578, 81651, 81812, 82075, 81599, 81878, 81871, 

Probabilities of results length 7 and mask [0, 2, 4, 5, 6] are: 328984, 328420, 328318, 328065, 328755, 328027, 328375, 327124, 328011, 328142, 328095, 328290, 328494, 327687, 327857, 328838, 327988, 328811, 327990, 327491, 328532, 327867, 328489, 328245, 328573, 327395, 328560, 328348, 326986, 328808, 327473, 326962, 

Probabilities of results length 10 and mask [0, 4, 5, 6, 7, 8, 9] are: 82563, 82292, 82352, 82080, 82022, 81997, 82298, 82129, 81808, 82159, 82233, 81917, 82066, 82059, 81597, 82216, 81535, 82302, 81895, 82578, 82069, 82193, 81763, 82136, 82506, 81525, 82413, 82027, 82158, 82027, 81353, 81800, 82541, 81922, 81960, 81868, 82314, 81997, 81753, 81916, 81470, 82148, 82508, 81737, 82504, 82202, 81765, 81934, 81868, 81922, 82237, 81658, 82504, 82220, 82236, 82265, 82243, 82351, 82165, 81737, 81864, 82082, 81798, 81725, 82382, 82050, 82605, 81409, 81912, 82186, 81768, 81743, 82178, 82165, 81919, 82092, 82037, 82310, 81840, 81685, 82202, 82251, 81961, 81546, 81639, 81962, 82432, 82074, 81607, 82047, 82080, 82705, 82343, 81968, 82364, 81952, 82172, 81811, 81902, 81879, 82038, 82005, 82042, 82161, 82071, 82271, 81875, 81987, 82217, 81516, 82205, 82723, 82039, 81935, 82218, 82133, 81608, 81872, 82059, 82101, 82095, 81636, 81828, 81910, 81944, 81579, 81537, 81735, 

Probabilities of results length 7 and mask [0, 1, 5, 6] are: 656569, 656711, 657863, 654925, 657353, 656798, 655104, 656159, 656585, 656654, 656414, 655760, 655559, 655251, 656033, 656262, 

Probabilities of results length 10 and mask [0, 1, 2, 3, 4, 8, 9] are: 82268, 82601, 81863, 82151, 82168, 81822, 82150, 81546, 82286, 82168, 82554, 81988, 81578, 82139, 81860, 82139, 82068, 82130, 81922, 82471, 82584, 82507, 81745, 82436, 81841, 81898, 82087, 82327, 81947, 81575, 81710, 81539, 82281, 81750, 82119, 82292, 82448, 82216, 82158, 82089, 82306, 81901, 81823, 82163, 82018, 82199, 82155, 82234, 81962, 81694, 81888, 81708, 81674, 81835, 82487, 81855, 82058, 82175, 82158, 82016, 81884, 81919, 82311, 81638, 82301, 82144, 82191, 81735, 81864, 82265, 81984, 82101, 81834, 82088, 81882, 82190, 82194, 82720, 82050, 81696, 82263, 81550, 82678, 81586, 82045, 81933, 82055, 82305, 81893, 81835, 82077, 82018, 82253, 82155, 81705, 81824, 82437, 81950, 81943, 81760, 81830, 81857, 82180, 81602, 81864, 81823, 81604, 82064, 81895, 82169, 82431, 81400, 82152, 82235, 81866, 82107, 81657, 81832, 82153, 82031, 81972, 82338, 81882, 82301, 82241, 81991, 81743, 81794, 

Probabilities of results length 3 and mask [0, 2] are: 2626323, 2625157, 2625157, 2623363, 

Probabilities of results length 10 and mask [0, 1, 2, 4, 7, 8, 9] are: 82424, 82644, 82171, 81971, 81929, 82035, 81935, 81857, 82380, 82287, 82215, 82385, 82350, 81853, 81535, 81817, 82130, 82125, 82246, 82168, 81817, 81926, 82075, 81828, 81529, 81741, 81794, 82413, 82181, 82229, 81920, 82158, 82198, 81724, 82311, 82100, 82134, 82289, 82186, 82156, 81856, 81890, 82054, 81930, 81584, 81821, 82492, 81814, 82389, 81927, 81631, 82355, 82332, 82126, 82127, 82167, 82164, 81979, 81992, 81794, 81974, 81933, 82306, 81679, 82257, 81952, 82381, 81939, 81965, 82999, 81906, 81821, 82006, 81524, 82314, 81582, 81949, 82070, 81863, 81753, 81878, 82280, 81692, 81986, 82093, 81986, 82128, 81976, 82150, 81861, 82441, 82022, 82349, 82018, 81897, 82376, 82272, 82161, 81755, 82000, 82034, 82064, 82437, 81378, 81932, 82415, 81987, 82415, 81898, 81993, 82207, 81927, 82029, 81612, 81792, 81824, 81691, 81962, 82174, 81624, 82192, 82158, 81761, 81993, 82000, 81830, 81689, 81898, 

Probabilities of results length 10 and mask [0, 1, 2, 3, 7, 9] are: 164471, 164006, 163804, 164333, 164427, 164263, 164213, 163891, 164387, 164539, 164947, 164053, 163570, 163735, 163935, 163753, 164108, 164169, 163988, 164289, 164447, 164117, 164327, 164035, 164104, 163603, 163675, 164441, 163857, 164097, 164101, 163797, 164843, 163934, 164315, 163448, 163949, 164351, 164418, 163854, 163624, 164118, 164122, 164488, 163897, 164775, 163995, 163025, 164310, 163945, 164363, 163740, 163447, 163536, 163954, 164185, 163939, 163966, 163323, 164085, 164686, 164260, 163934, 163689, 

Probabilities of results length 7 and mask [0, 5, 6] are: 1314432, 1311636, 1312457, 1312957, 1312999, 1312414, 1311592, 1311513, 

Probabilities of results length 3 and mask [0, 1, 2] are: 1313786, 1312280, 1312537, 1312877, 1312280, 1313134, 1312877, 1310229, 

Probabilities of results length 7 and mask [0, 2, 6] are: 1314244, 1312276, 1312645, 1312317, 1312079, 1312881, 1312512, 1311046, 

Probabilities of results length 4 and mask [0, 3] are: 2627384, 2624096, 2624096, 2624424, 

Probabilities of results length 7 and mask [0, 1, 3, 6] are: 657632, 656627, 657449, 655676, 656290, 656882, 655518, 655408, 656370, 655694, 655933, 656099, 655774, 656211, 656514, 655923, 

Probabilities of results length 6 and mask [0, 2, 3, 5] are: 657646, 656356, 656416, 655906, 656613, 656769, 656756, 655019, 656556, 655508, 656766, 656326, 655508, 656524, 655219, 656112, 

Probabilities of results length 10 and mask [0, 2, 5, 6, 7, 8, 9] are: 82419, 82431, 82496, 81941, 82567, 82241, 81753, 81885, 82251, 82513, 81790, 81563, 81953, 82102, 81710, 82173, 81877, 82532, 81553, 82348, 81731, 82146, 82101, 82183, 82330, 81851, 82589, 81701, 81761, 81918, 81750, 81909, 82300, 81642, 82201, 82148, 81907, 81679, 82160, 82234, 82018, 81975, 81960, 81910, 82194, 82348, 82075, 81788, 82325, 81968, 81780, 81612, 82431, 82100, 82309, 82385, 81875, 82133, 82533, 81955, 81545, 81854, 82117, 81953, 82570, 81630, 82417, 81829, 81901, 81543, 81779, 82386, 82419, 81989, 81678, 82268, 82068, 81835, 81809, 82160, 82121, 81845, 82042, 81952, 81981, 81873, 82090, 82163, 81966, 82336, 81721, 82416, 82093, 82095, 82614, 81825, 81921, 82053, 82153, 81637, 82294, 82183, 81786, 81983, 81644, 82288, 82302, 81970, 82087, 82467, 82335, 81772, 82206, 82346, 82051, 81722, 81693, 82064, 81974, 81909, 82017, 81593, 81906, 81953, 81858, 81584, 81623, 81730, 

Probabilities of results length 5 and mask [0, 4] are: 2626519, 2624962, 2624961, 2623558, 

Probabilities of results length 7 and mask [0, 3, 5, 6] are: 658222, 655981, 656210, 655655, 656859, 656322, 655598, 656635, 655840, 656281, 657159, 656133, 656463, 655512, 655129, 656001, 

Probabilities of results length 10 and mask [0, 1, 3, 4, 5, 6, 7, 8, 9] are: 20657, 20605, 20573, 20628, 20647, 20490, 20686, 20569, 20755, 20561, 20439, 20492, 20678, 20552, 20480, 20475, 20601, 20518, 20368, 20427, 20638, 20719, 20415, 20333, 20728, 20564, 20443, 20691, 20618, 20571, 20509, 20303, 20526, 20513, 20365, 20651, 20248, 20706, 20669, 20289, 20623, 20640, 20452, 20504, 20466, 20212, 20692, 20561, 20470, 20571, 20481, 20315, 20566, 20557, 20549, 20616, 20579, 20546, 20366, 20650, 20283, 20494, 20369, 20526, 20439, 20652, 20712, 20386, 20148, 20613, 20236, 20651, 20292, 20734, 20776, 20607, 20397, 20711, 20430, 20526, 20448, 20677, 20435, 20461, 20523, 20369, 20663, 20686, 20746, 20682, 20314, 20811, 20375, 20332, 20328, 20311, 20625, 20423, 20539, 20254, 20678, 20320, 20664, 20528, 20729, 20459, 20525, 20603, 20520, 20349, 20639, 20616, 20670, 20464, 20540, 20575, 20416, 20533, 20532, 20455, 20200, 20451, 20352, 20549, 20451, 20252, 20350, 20548, 20515, 20516, 20766, 20447, 20571, 20562, 20689, 20397, 20451, 20505, 20632, 20407, 20222, 20395, 20655, 20561, 20651, 20561, 20526, 20448, 20607, 20420, 20530, 20568, 20463, 20336, 20465, 20686, 20258, 20560, 20567, 20334, 20376, 20503, 20406, 20668, 20328, 20540, 20360, 20437, 20462, 20414, 20645, 20298, 20633, 20452, 20768, 20573, 20704, 20332, 20650, 20478, 20580, 20579, 20570, 20813, 20337, 20584, 20440, 20434, 20614, 20465, 20374, 20451, 20672, 20423, 20484, 20631, 20454, 20516, 20258, 20352, 20480, 20487, 20566, 20529, 20662, 20419, 20529, 20223, 20844, 20502, 20552, 20507, 20396, 20473, 20712, 20738, 20540, 20348, 20547, 20371, 20541, 20849, 20608, 20697, 20528, 20650, 20510, 20611, 20768, 20577, 20437, 20513, 20398, 20566, 20585, 20374, 20585, 20429, 20597, 20368, 20439, 20479, 20383, 20591, 20620, 20433, 20422, 20579, 20505, 20289, 20495, 20464, 20427, 20525, 20371, 20447, 20566, 20694, 20603, 20529, 20615, 20576, 20598, 20251, 20681, 20338, 20601, 20152, 20741, 20502, 20582, 20417, 20529, 20582, 20495, 20447, 20492, 20685, 20396, 20472, 20551, 20280, 20442, 20426, 20238, 20505, 20537, 20532, 20598, 20450, 20363, 20371, 20539, 20829, 20678, 20515, 20337, 20633, 20605, 20468, 20430, 20536, 20547, 20455, 20563, 20683, 20532, 20416, 20320, 20452, 20622, 20759, 20559, 20378, 20579, 20528, 20418, 20422, 20284, 20357, 20491, 20516, 20522, 20744, 20589, 20493, 20600, 20498, 20510, 20245, 20661, 20486, 20310, 20387, 20480, 20428, 20400, 20418, 20464, 20315, 20509, 20649, 20266, 20580, 20596, 20486, 20539, 20532, 20895, 20430, 20402, 20626, 20529, 20669, 20372, 20379, 20422, 20627, 20284, 20372, 20536, 20743, 20425, 20704, 20641, 20554, 20478, 20704, 20489, 20397, 20824, 20635, 20542, 20497, 20488, 20439, 20538, 20380, 20881, 20595, 20473, 20654, 20472, 20323, 20651, 20506, 20519, 20512, 20433, 20446, 20569, 20347, 20440, 20543, 20765, 20355, 20462, 20426, 20235, 20555, 20579, 20577, 20660, 20341, 20423, 20590, 20376, 20497, 20459, 20776, 20631, 20531, 20554, 20497, 20398, 20357, 20808, 20465, 20499, 20728, 20296, 20650, 20468, 20428, 20330, 20333, 20539, 20580, 20529, 20701, 20477, 20373, 20479, 20470, 20414, 20127, 20637, 20521, 20687, 20398, 20662, 20577, 20486, 20791, 20394, 20555, 20663, 20800, 20386, 20584, 20494, 20309, 20435, 20504, 20724, 20538, 20601, 20476, 20522, 20382, 20618, 20734, 20477, 20541, 20378, 20508, 20445, 20606, 20529, 20302, 20256, 20456, 20532, 20427, 20488, 20480, 20712, 20605, 20327, 20589, 20455, 20412, 20416, 20392, 20697, 20465, 20527, 20367, 20455, 20396, 20279, 20427, 20490, 20438, 20604, 20649, 20531, 20285, 20676, 20347, 20309, 20514, 20428, 20433, 20330, 20539, 20309, 20592, 20454, 20373, 20444, 20231, 

Probabilities of results length 6 and mask [0, 4, 5] are: 1313280, 1312787, 1314151, 1311263, 1313239, 1312175, 1310810, 1312295, 

Probabilities of results length 10 and mask [0, 1, 2, 3, 4, 5, 7, 8, 9] are: 20580, 20639, 20411, 20849, 20603, 20479, 20527, 20430, 20447, 20687, 20715, 20424, 20448, 20509, 20640, 20434, 20735, 20558, 20319, 20625, 20643, 20643, 20572, 20371, 20590, 20509, 20873, 20653, 20554, 20255, 20299, 20383, 20620, 20651, 20429, 20246, 20451, 20438, 20420, 20496, 20777, 20667, 20616, 20452, 20427, 20609, 20348, 20497, 20616, 20589, 20555, 20663, 20691, 20521, 20254, 20678, 20439, 20631, 20468, 20444, 20462, 20434, 20410, 20385, 20566, 20727, 20546, 20495, 20498, 20348, 20705, 20145, 20410, 20454, 20608, 20568, 20416, 20479, 20292, 20611, 20420, 20456, 20767, 20584, 20601, 20737, 20534, 20626, 20345, 20452, 20545, 20647, 20572, 20608, 20524, 20495, 20502, 20584, 20477, 20561, 20616, 20557, 20498, 20475, 20652, 20360, 20615, 20544, 20287, 20542, 20580, 20597, 20297, 20527, 20281, 20599, 20649, 20606, 20385, 20761, 20467, 20306, 20201, 20583, 20359, 20278, 20477, 20276, 20390, 20521, 20674, 20701, 20501, 20498, 20498, 20414, 20420, 20447, 20561, 20328, 20479, 20655, 20488, 20506, 20534, 20351, 20674, 20215, 20379, 20568, 20603, 20490, 20376, 20508, 20689, 20546, 20479, 20339, 20734, 20588, 20617, 20257, 20429, 20430, 20738, 20636, 20747, 20496, 20771, 20499, 20647, 20641, 20416, 20500, 20453, 20740, 20379, 20440, 20313, 20604, 20421, 20480, 20592, 20516, 20567, 20591, 20378, 20565, 20305, 20434, 20563, 20220, 20653, 20493, 20475, 20594, 20547, 20580, 20519, 20648, 20636, 20531, 20303, 20581, 20586, 20562, 20392, 20284, 20509, 20557, 20485, 20587, 20369, 20496, 20666, 20316, 20577, 20415, 20562, 20343, 20670, 20433, 20564, 20248, 20621, 20479, 20541, 20567, 20662, 20502, 20394, 20531, 20479, 20424, 20312, 20613, 20537, 20482, 20822, 20704, 20540, 20346, 20416, 20302, 20505, 20291, 20626, 20533, 20538, 20661, 20529, 20562, 20430, 20713, 20450, 20582, 20841, 20448, 20521, 20363, 20323, 20696, 20445, 20537, 20452, 20655, 20728, 20548, 20702, 20750, 20548, 20218, 20547, 20321, 20643, 20187, 20471, 20650, 20563, 20433, 20607, 20559, 20650, 20538, 20564, 20479, 20479, 20334, 20471, 20563, 20567, 20349, 20621, 20702, 20460, 20514, 20493, 20286, 20565, 20679, 20319, 20851, 20453, 20552, 20459, 20245, 20545, 20414, 20651, 20413, 20476, 20540, 20393, 20399, 20476, 20443, 20263, 20528, 20345, 20446, 20558, 20627, 20456, 20479, 20462, 20558, 20438, 20644, 20518, 20664, 20387, 20448, 20493, 20456, 20497, 20422, 20653, 20475, 20718, 20518, 20393, 20513, 20368, 20672, 20348, 20365, 20449, 20605, 20603, 20576, 20509, 20527, 20431, 20506, 20647, 20544, 20458, 20309, 20641, 20406, 20371, 20483, 20202, 20515, 20680, 20663, 20552, 20504, 20604, 20509, 20772, 20467, 20530, 20357, 20648, 20660, 20545, 20512, 20502, 20432, 20823, 20572, 20372, 20517, 20772, 20516, 20431, 20660, 20687, 20455, 20587, 20580, 20343, 20649, 20450, 20476, 20386, 20447, 20587, 20299, 20366, 20596, 20355, 20559, 20404, 20280, 20949, 20376, 20444, 20408, 20404, 20477, 20547, 20719, 20308, 20451, 20695, 20525, 20505, 20273, 20363, 20522, 20569, 20195, 20462, 20471, 20369, 20591, 20598, 20640, 20694, 20304, 20692, 20720, 20748, 20643, 20429, 20633, 20369, 20679, 20430, 20691, 20480, 20736, 20518, 20361, 20581, 20421, 20495, 20461, 20504, 20286, 20346, 20535, 20406, 20415, 20611, 20386, 20510, 20526, 20521, 20583, 20741, 20379, 20698, 20514, 20350, 20394, 20358, 20358, 20451, 20415, 20503, 20679, 20552, 20693, 20605, 20493, 20529, 20497, 20475, 20448, 20503, 20541, 20434, 20345, 20618, 20412, 20448, 20317, 20275, 20471, 20390, 20499, 20409, 20418, 20396, 20405, 20413, 20511, 20466, 20561, 20384, 20561, 20595, 20560, 20446, 20395, 20571, 20418, 20325, 20425, 

Probabilities of results length 10 and mask [0, 1, 3, 4, 7, 9] are: 164500, 164119, 164135, 164062, 164185, 164573, 164468, 164022, 164398, 164150, 163882, 164162, 163772, 163701, 164414, 163784, 164665, 164270, 164155, 164016, 164003, 163834, 163924, 164502, 163890, 164016, 164160, 164308, 163958, 163866, 163852, 163736, 164773, 164427, 164085, 163471, 163755, 164749, 164394, 163667, 164019, 163858, 164648, 163831, 163766, 164144, 163723, 163846, 163659, 163789, 164213, 163727, 164032, 164051, 163573, 163683, 164098, 163692, 164104, 164198, 164593, 164175, 163684, 164091, 

Probabilities of results length 4 and mask [0, 2, 3] are: 1314202, 1311864, 1313182, 1312232, 1312121, 1313293, 1311975, 1311131, 

Probabilities of results length 6 and mask [0, 1, 4, 5] are: 656690, 657495, 656590, 655292, 656464, 655870, 657687, 655393, 656882, 656317, 656357, 655858, 656030, 655732, 654780, 656563, 

Probabilities of results length 4 and mask [0, 1, 2, 3] are: 657732, 656054, 656470, 655810, 656270, 656267, 656912, 655965, 656054, 656226, 656067, 657067, 656010, 656867, 655965, 654264, 

Probabilities of results length 5 and mask [0, 1, 2, 4] are: 657577, 656425, 655979, 656343, 655995, 657387, 656968, 654807, 656209, 655855, 656558, 656534, 656285, 655747, 655909, 655422, 

Probabilities of results length 6 and mask [0, 3, 4, 5] are: 656965, 656821, 656315, 655966, 657097, 655441, 657054, 655822, 657220, 655060, 656019, 657115, 656102, 656774, 654708, 655521, 

Probabilities of results length 5 and mask [0, 3, 4] are: 1314185, 1311881, 1312334, 1313081, 1313199, 1312215, 1311762, 1311343, 

Probabilities of results length 5 and mask [0, 1, 3, 4] are: 657597, 656605, 656588, 655276, 655975, 657207, 656359, 655874, 656405, 655716, 656794, 656499, 656089, 655886, 655673, 655457, 

Probabilities of results length 8 and mask [0, 1, 2, 3, 6, 7] are: 164813, 163735, 164313, 163829, 164464, 164727, 164615, 163690, 164070, 163951, 164683, 163887, 164127, 164545, 163539, 163081, 164501, 164205, 163806, 163952, 163912, 163887, 164016, 164055, 163941, 164706, 164386, 164654, 163340, 163965, 164391, 163697, 164293, 164103, 164400, 164086, 164062, 164062, 164121, 164071, 164078, 164111, 163594, 164574, 164015, 164275, 163702, 163866, 164125, 164011, 163951, 163943, 163832, 163591, 164160, 164149, 163965, 163458, 163404, 163952, 164528, 164082, 164333, 163620, 

Probabilities of results length 8 and mask [0, 7] are: 2626917, 2624566, 2624563, 2623954, 

Probabilities of results length 10 and mask [0, 1, 4, 5, 8, 9] are: 163968, 164322, 164444, 163956, 164460, 164218, 164433, 164384, 164332, 164408, 163983, 163868, 163980, 163892, 163031, 164389, 164212, 164287, 163910, 164056, 163893, 163667, 164977, 163333, 164841, 163779, 164345, 164722, 163685, 163956, 163867, 163884, 164349, 164854, 164020, 163659, 164186, 163938, 164379, 163814, 163844, 164363, 164087, 164063, 164268, 163535, 164136, 163919, 164161, 164032, 164216, 163621, 163925, 164047, 163898, 163862, 163865, 163767, 163942, 163205, 164097, 164349, 163746, 164371, 

Probabilities of results length 7 and mask [0, 1, 3, 4, 5, 6] are: 164377, 164496, 164673, 164186, 163892, 164200, 164360, 163603, 164210, 163889, 164962, 163410, 164090, 164126, 163868, 163726, 164430, 164343, 163945, 163552, 164117, 164207, 163614, 164330, 164615, 163899, 163869, 164528, 164191, 164349, 163676, 163749, 164445, 164085, 163470, 164054, 163976, 164714, 164087, 163449, 163870, 164184, 164055, 163958, 164294, 163671, 164802, 164299, 164345, 163681, 164500, 163484, 163990, 164086, 164298, 164492, 163710, 163744, 163908, 164603, 163514, 163740, 163327, 163683, 

Probabilities of results length 6 and mask [0, 1, 2, 3, 4, 5] are: 164855, 164432, 164018, 164427, 163967, 164149, 164125, 163813, 163837, 164473, 164262, 163899, 164031, 164441, 164185, 163153, 164462, 163828, 164311, 163669, 163618, 164245, 164706, 163699, 163790, 163895, 164724, 164502, 164594, 163902, 163946, 163523, 164432, 164013, 164098, 163511, 164343, 164011, 164347, 163525, 164453, 163507, 163601, 164506, 163654, 164786, 164311, 164316, 163983, 163781, 164043, 164203, 164342, 163862, 163734, 164928, 163974, 164351, 163480, 164160, 163731, 163738, 163523, 163272, 

Probabilities of results length 5 and mask [0, 2, 3, 4] are: 657403, 656383, 656782, 655498, 656153, 656385, 656181, 656696, 656799, 655481, 656400, 656734, 655968, 656908, 655794, 654435, 

Probabilities of results length 10 and mask [0, 3, 5, 6, 8, 9] are: 164643, 164665, 163702, 164587, 164083, 164831, 164069, 163624, 164384, 164047, 164576, 163581, 163658, 164121, 163516, 163981, 164566, 163945, 164040, 163425, 164588, 163759, 164219, 164639, 163910, 164084, 164476, 163889, 163953, 163651, 163978, 164292, 164635, 163704, 164515, 163552, 164016, 163486, 163735, 164479, 163765, 164417, 164019, 164592, 164965, 164012, 163619, 163903, 164378, 163667, 163953, 164091, 164172, 164246, 163575, 163893, 163781, 163733, 164088, 164071, 163887, 163728, 164016, 163825, 

Probabilities of results length 8 and mask [0, 1, 7] are: 1313168, 1313721, 1313749, 1310845, 1312898, 1311693, 1311665, 1312261, 

Probabilities of results length 10 and mask [0, 4, 5, 8, 9] are: 328412, 328278, 328893, 328602, 328315, 328276, 327011, 328281, 328122, 328343, 328870, 327000, 329186, 328501, 327552, 327840, 328369, 328513, 328565, 327752, 327931, 328426, 328404, 327454, 328377, 327653, 327823, 327909, 327807, 326972, 327843, 328720, 

Probabilities of results length 7 and mask [0, 3, 4, 5, 6] are: 329050, 328682, 328252, 327803, 329172, 327299, 327958, 327852, 328375, 327895, 327731, 328537, 328484, 328427, 327867, 328098, 327915, 328139, 328063, 328163, 327925, 328142, 329096, 327970, 328845, 327165, 328288, 328578, 327618, 328347, 326841, 327423, 

Probabilities of results length 6 and mask [0, 2, 3, 4, 5] are: 328873, 328859, 328092, 327962, 328099, 328372, 328216, 327594, 328773, 327497, 328324, 327944, 328514, 328397, 328540, 327425, 328530, 327524, 328690, 327536, 328054, 328013, 327965, 329102, 328026, 327984, 328076, 328790, 327454, 328511, 327254, 327010, 

Probabilities of results length 7 and mask [0, 3, 4, 6] are: 657425, 656577, 655983, 656340, 657656, 655726, 655825, 655950, 656760, 655304, 656351, 656741, 655543, 656489, 655937, 655393, 

Probabilities of results length 10 and mask [0, 1, 2, 4, 7, 9] are: 164622, 164368, 164482, 164071, 164063, 164324, 164121, 164013, 164236, 164177, 164269, 164315, 163934, 163674, 164027, 163631, 164519, 164052, 163877, 164523, 164149, 164052, 164202, 163995, 163693, 163720, 163786, 164207, 164155, 164162, 164226, 163837, 164529, 164113, 164136, 163939, 163999, 165063, 164343, 163199, 163938, 163939, 164301, 163997, 163847, 164063, 164070, 163680, 163907, 163892, 163484, 163810, 163784, 163948, 164302, 163600, 164342, 164019, 164202, 164015, 164349, 163848, 163586, 164274, 

Probabilities of results length 9 and mask [0, 1, 3, 5, 6, 8] are: 164391, 164345, 164887, 164024, 164125, 164324, 164092, 163815, 164599, 164207, 163500, 164110, 164288, 164260, 163516, 163843, 164503, 164530, 163646, 163934, 163944, 164133, 164651, 164040, 164068, 163870, 164555, 164263, 163469, 163861, 163666, 164023, 164196, 164040, 164748, 163572, 163857, 164002, 164136, 163514, 164446, 164035, 164314, 163970, 164020, 164296, 163774, 164236, 163812, 163739, 163879, 164078, 164326, 164252, 164238, 163708, 163987, 163555, 163853, 163824, 164035, 163965, 163959, 164152, 

Probabilities of results length 5 and mask [0, 1, 2, 3, 4] are: 329287, 328445, 328116, 327938, 328310, 328160, 328472, 327338, 328290, 327980, 327863, 328405, 327685, 329227, 328496, 327469, 328445, 327609, 328354, 327872, 327960, 328107, 328440, 328627, 327764, 328246, 328204, 328662, 328325, 327640, 327469, 326795, 

Probabilities of results length 10 and mask [0, 2, 3, 4, 6, 7, 8, 9] are: 41098, 41272, 41101, 40906, 41384, 41103, 41002, 41008, 41149, 41136, 41216, 41172, 41355, 41161, 40930, 40740, 40942, 41113, 40900, 40937, 41171, 41127, 40861, 41041, 41076, 41299, 40944, 41041, 41015, 41076, 40795, 40717, 41014, 41285, 41020, 40891, 40946, 41075, 40624, 41244, 40966, 41255, 41162, 41579, 40682, 41063, 40848, 40817, 41077, 41082, 41297, 40634, 41339, 40851, 40951, 40985, 40799, 40911, 41007, 41151, 40876, 40925, 41084, 40840, 41007, 40868, 41451, 41104, 41364, 40641, 41033, 41306, 41014, 40830, 40997, 41104, 40822, 40982, 40880, 40868, 41103, 41041, 41033, 40940, 41035, 41274, 40803, 41095, 40886, 40780, 40998, 40950, 41188, 41228, 41201, 40713, 41530, 41077, 41022, 40986, 40838, 41268, 40982, 40811, 40971, 40741, 41162, 40994, 41417, 40982, 40923, 41206, 40760, 41056, 41100, 41275, 40892, 40881, 41355, 41221, 40979, 41051, 41004, 40642, 40789, 40999, 41191, 40770, 41203, 40945, 40990, 41307, 41195, 40784, 40906, 41200, 41011, 40455, 41264, 40741, 41062, 40989, 41036, 40967, 41197, 40778, 40859, 41142, 41043, 41384, 41116, 41171, 41183, 40712, 40897, 41295, 41064, 40950, 40615, 40820, 40896, 41002, 40981, 40991, 40886, 40907, 41078, 41313, 41282, 40847, 41024, 40902, 41038, 40962, 41049, 40909, 41196, 41154, 41018, 40926, 40592, 41203, 41144, 40732, 41465, 41122, 40915, 41300, 40806, 40952, 41258, 41283, 41301, 40998, 41108, 40938, 40625, 41185, 41176, 40695, 41343, 41060, 40952, 41145, 40946, 40993, 40703, 40842, 41102, 40976, 41098, 40814, 40999, 41002, 41089, 40995, 40818, 41458, 41199, 40823, 40812, 41319, 41251, 41110, 40900, 41181, 40803, 40826, 40808, 40971, 41136, 40829, 41134, 40801, 41009, 40964, 41057, 41457, 41077, 41012, 41077, 40555, 41001, 40881, 41036, 40729, 40925, 41050, 40723, 41023, 40650, 40931, 41039, 40870, 40953, 40821, 

Probabilities of results length 6 and mask [0, 5] are: 2627431, 2624050, 2624049, 2624470, 

Probabilities of results length 6 and mask [0, 2, 4, 5] are: 656972, 657231, 656308, 655556, 657287, 655894, 656864, 655369, 656584, 655537, 656655, 656638, 655480, 656495, 655330, 655800, 

Probabilities of results length 7 and mask [0, 1, 2, 3, 5, 6] are: 164652, 164040, 164656, 164249, 163935, 164345, 164979, 163347, 163896, 164102, 164535, 164056, 164086, 164224, 163693, 163273, 164454, 163798, 164057, 163666, 164591, 164444, 163757, 164414, 164252, 163960, 163742, 164405, 164056, 164596, 163548, 163674, 164665, 164220, 163673, 163847, 163650, 164049, 163852, 164165, 163731, 164266, 164451, 164345, 164539, 164119, 164438, 163403, 163961, 163996, 164084, 164048, 164094, 163429, 164324, 164039, 164175, 163898, 163339, 164261, 163329, 163928, 164286, 163914, 

Probabilities of results length 6 and mask [0, 1, 5] are: 1313154, 1313365, 1314277, 1310685, 1312912, 1312049, 1311137, 1312421, 

Probabilities of results length 7 and mask [0, 1, 4, 6] are: 656816, 657246, 656592, 655671, 657106, 656263, 656375, 655413, 656756, 656566, 656355, 655479, 655388, 655339, 656092, 656543, 

Probabilities of results length 7 and mask [0, 6] are: 2626889, 2624593, 2624591, 2623927, 

Probabilities of results length 6 and mask [0, 2, 5] are: 1314259, 1313125, 1313172, 1310925, 1312064, 1312032, 1311985, 1312438, 

Probabilities of results length 8 and mask [0, 1, 3, 5, 6, 7] are: 164716, 164268, 164898, 163522, 164369, 163949, 164494, 163572, 164561, 164194, 164030, 163997, 163828, 164547, 163728, 163396, 164060, 163951, 163874, 164268, 163469, 164626, 164659, 163631, 164353, 164141, 163948, 163739, 163812, 164045, 164118, 164720, 163871, 164117, 164737, 164074, 163613, 164377, 163734, 163757, 164484, 164048, 163784, 164083, 164480, 164009, 163562, 164683, 164255, 164318, 163651, 163744, 164801, 163759, 164230, 164117, 163702, 163284, 164460, 164348, 163692, 163781, 163507, 163455, 

Probabilities of results length 6 and mask [0, 1, 2, 5] are: 656944, 656628, 657315, 656497, 656210, 656737, 656962, 654188, 656842, 655652, 655222, 656380, 656070, 656397, 655915, 656041, 

Probabilities of results length 10 and mask [0, 2, 3, 4, 5, 6, 8, 9] are: 41137, 41371, 41244, 40900, 40962, 41139, 40755, 41184, 41099, 41142, 41163, 41252, 41098, 41311, 40887, 40953, 40975, 41186, 40877, 40897, 41368, 41039, 40871, 41068, 41016, 41249, 41215, 41499, 40939, 40913, 40891, 40604, 40966, 41339, 41089, 40502, 41218, 40994, 41041, 40849, 41142, 41081, 41187, 41125, 41255, 40950, 41062, 40788, 41053, 40856, 41108, 41069, 41292, 40984, 40771, 41177, 40733, 41129, 40764, 41067, 40636, 41051, 40817, 40769, 41416, 41062, 41021, 40955, 41075, 40792, 40897, 41035, 41079, 40967, 41050, 40961, 41055, 40789, 41013, 40809, 41121, 40883, 41452, 41135, 41127, 41117, 41118, 41082, 40906, 40604, 41109, 41137, 41184, 41175, 40790, 41265, 40776, 41247, 41044, 41185, 40845, 41095, 41048, 40972, 41123, 40743, 40967, 40909, 41149, 41023, 41434, 40799, 41087, 40850, 41089, 41030, 41082, 41060, 41110, 41344, 40742, 41088, 41035, 40683, 40828, 41204, 40958, 40684, 41156, 41043, 41026, 41440, 41310, 40831, 41092, 40987, 41232, 40627, 41221, 40594, 40993, 40974, 41120, 40760, 40943, 40904, 40945, 40858, 40771, 40860, 40892, 41526, 41061, 40675, 41067, 41049, 41107, 40977, 40965, 41116, 41220, 40874, 40642, 40995, 40775, 41484, 41148, 40859, 41329, 40874, 40574, 41674, 41061, 41093, 41035, 41156, 41173, 41058, 41235, 41073, 40860, 41103, 41112, 41044, 41319, 40960, 41238, 40921, 40809, 40809, 40838, 40947, 41001, 41101, 41049, 40810, 40927, 41081, 41234, 40754, 41188, 40976, 41140, 40780, 41011, 41241, 40781, 41015, 41200, 41078, 40862, 40954, 40506, 41075, 41078, 40770, 41289, 40885, 40821, 41329, 40992, 41209, 40999, 40839, 41201, 40822, 40977, 41175, 40987, 40956, 41001, 40954, 40581, 41087, 41022, 40649, 40892, 41016, 41208, 41145, 40978, 40709, 41122, 40520, 41048, 40775, 41013, 41091, 40960, 41394, 40827, 41105, 40959, 41173, 40996, 40786, 

Probabilities of results length 6 and mask [0, 3, 5] are: 1314062, 1312262, 1313369, 1311788, 1313322, 1311834, 1310727, 1312636, 

Probabilities of results length 6 and mask [0, 1, 3, 5] are: 656902, 656654, 657160, 655608, 656252, 656711, 657117, 655077, 657100, 655667, 656222, 656167, 655812, 656382, 654915, 656254, 

Probabilities of results length 7 and mask [0, 2, 3, 5, 6] are: 329308, 328289, 328914, 327692, 328431, 328158, 327779, 327497, 328511, 327464, 328348, 328858, 327994, 328365, 327604, 328270, 328338, 328067, 327502, 328214, 328182, 328611, 328977, 327522, 328045, 328044, 328418, 327468, 327514, 328159, 327615, 327842, 

Probabilities of results length 10 and mask [0, 1, 2, 8, 9] are: 328463, 328797, 328426, 328937, 328277, 328043, 327465, 327660, 328607, 327520, 327988, 328179, 328024, 328169, 329111, 327816, 328291, 327617, 328828, 327529, 328356, 329073, 327794, 327926, 328425, 328346, 327295, 328232, 327623, 327849, 328507, 326827, 

Probabilities of results length 10 and mask [0, 1, 2, 3, 6, 9] are: 164581, 164036, 164168, 164428, 164701, 164635, 164430, 164101, 164130, 164216, 164678, 164059, 163605, 164335, 163617, 163665, 163998, 164139, 163624, 164194, 164173, 163745, 164110, 163825, 164361, 163926, 163944, 164435, 163822, 163497, 164419, 163885, 164525, 163802, 164545, 163487, 163825, 164154, 164306, 163660, 164018, 163846, 163599, 164402, 164537, 164485, 163624, 163282, 164628, 164077, 164133, 163701, 163571, 163733, 164066, 164379, 163545, 164238, 163846, 164171, 164046, 164550, 164305, 163432, 

Probabilities of results length 10 and mask [0, 9] are: 2626361, 2625121, 2625119, 2623399, 

Probabilities of results length 7 and mask [0, 4, 6] are: 1313408, 1312917, 1313481, 1311676, 1313111, 1312045, 1311480, 1311882, 

Probabilities of results length 9 and mask [0, 1, 3, 4, 5, 8] are: 164431, 164522, 164049, 163942, 163886, 164654, 164415, 163673, 164463, 164353, 164484, 164016, 164183, 163803, 164328, 164182, 164170, 164310, 164139, 163591, 164006, 164461, 163931, 164340, 164497, 163767, 163916, 164782, 163751, 163660, 163251, 163526, 164391, 164059, 164094, 164298, 163982, 164260, 164032, 163379, 163617, 163720, 164533, 163352, 164201, 163994, 164342, 163843, 164605, 163714, 164306, 163445, 164101, 163832, 163981, 164482, 163828, 163876, 163861, 164349, 163954, 164429, 163752, 163906, 

Probabilities of results length 6 and mask [0, 1, 2, 4, 5] are: 328692, 328905, 328280, 328326, 327998, 328590, 328310, 326966, 328252, 327723, 329035, 328171, 328212, 328147, 328652, 327222, 328885, 327520, 327699, 328017, 327997, 328797, 328658, 327841, 327957, 328132, 327523, 328363, 328073, 327600, 327257, 328200, 

Probabilities of results length 6 and mask [0, 1, 3, 4, 5] are: 328822, 328581, 328143, 328240, 327868, 328914, 328447, 327052, 328080, 328073, 329017, 327368, 328384, 327797, 328670, 328025, 328775, 328024, 328445, 327036, 328107, 328293, 327912, 328822, 328325, 327643, 327777, 329131, 327705, 328089, 327003, 327432, 

Probabilities of results length 10 and mask [0, 5, 6, 9] are: 656951, 656622, 656959, 656853, 657346, 655601, 655105, 656045, 657481, 655014, 655498, 656104, 655653, 656813, 656487, 655468, 

Probabilities of results length 7 and mask [0, 2, 4, 6] are: 656995, 656562, 656413, 656355, 657249, 655714, 656232, 655962, 656561, 656206, 656550, 655839, 655518, 656675, 655962, 655207, 

Probabilities of results length 7 and mask [0, 1, 6] are: 1313922, 1313509, 1312967, 1311084, 1312144, 1311905, 1312447, 1312022, 

Probabilities of results length 10 and mask [0, 1, 3, 4, 5, 7, 8, 9] are: 41183, 41118, 40938, 41279, 40895, 41196, 41355, 40858, 41378, 41201, 40891, 40996, 41144, 40764, 41172, 41036, 41071, 41089, 40849, 40742, 41204, 41276, 40964, 40949, 41307, 41110, 40809, 41341, 40901, 41065, 40878, 40829, 41064, 41075, 41251, 40640, 40826, 40933, 40900, 41179, 41021, 41193, 41301, 41210, 40917, 41060, 41069, 41142, 41118, 41141, 40975, 41036, 40939, 40902, 41195, 41141, 40946, 41133, 40666, 41360, 40826, 40584, 40678, 40859, 40891, 41019, 41172, 41115, 40899, 41102, 41049, 40834, 40913, 40919, 41277, 40705, 40855, 40847, 41423, 41134, 41355, 40893, 41176, 40926, 41187, 40999, 41100, 41381, 40800, 40920, 40905, 41120, 40872, 41025, 40941, 40785, 41200, 41073, 40994, 41242, 41222, 41093, 40695, 40865, 40878, 41053, 41151, 40903, 41247, 40848, 41126, 40591, 41283, 40981, 40935, 41098, 41016, 40906, 41134, 41317, 41045, 40637, 41042, 40835, 40968, 41374, 40979, 41144, 41164, 41144, 40966, 40900, 41154, 41405, 41276, 40766, 41018, 40971, 41206, 40620, 41171, 41038, 41129, 40872, 41092, 41265, 41027, 40863, 40812, 41137, 41018, 41231, 41110, 40658, 41021, 40954, 40656, 40927, 40821, 40889, 41020, 41185, 40894, 41123, 41011, 41120, 40884, 40870, 41046, 40988, 41086, 41190, 40951, 40941, 40958, 41132, 40889, 40815, 41288, 40950, 41051, 41146, 40754, 41019, 41134, 40866, 41420, 41127, 41368, 41084, 40874, 40949, 41459, 40971, 41018, 41240, 40729, 41096, 41037, 40775, 40770, 40876, 41304, 40935, 40991, 41127, 40712, 40928, 41058, 41047, 41074, 40468, 41060, 41111, 41063, 40895, 41121, 41353, 41117, 41322, 40948, 41052, 41061, 41157, 40841, 40996, 40910, 40701, 41132, 40969, 41251, 40905, 41056, 40872, 40801, 40809, 41108, 41172, 41081, 41190, 40909, 40793, 41121, 40953, 40838, 40816, 40684, 40889, 40862, 40966, 40797, 41072, 41166, 40978, 40771, 40820, 

Probabilities of results length 7 and mask [0, 1, 2, 6] are: 657254, 655900, 656990, 656376, 656668, 657609, 655977, 654708, 656532, 656380, 655547, 656501, 655612, 655525, 656900, 655521, 

Probabilities of results length 10 and mask [0, 2, 3, 5, 7, 8, 9] are: 82045, 82671, 82345, 81923, 82625, 82273, 81941, 81581, 82220, 82149, 81816, 82133, 82300, 82194, 81647, 81925, 82299, 82262, 82338, 81856, 81908, 82121, 81804, 82193, 81557, 82271, 82148, 82399, 81935, 81793, 81703, 81693, 82272, 81788, 81981, 81970, 82046, 81829, 82180, 82088, 81738, 81731, 82498, 82128, 82363, 82296, 81737, 81894, 82122, 82231, 82101, 82040, 82078, 81870, 82212, 81527, 82118, 81694, 82187, 81857, 81858, 82260, 82239, 82481, 82552, 81319, 81802, 82316, 82437, 82300, 82293, 81781, 82042, 81571, 82208, 82169, 81927, 81807, 81380, 82377, 82385, 82099, 81661, 82387, 81702, 82082, 82102, 81981, 82454, 82026, 82277, 81732, 81620, 81942, 82427, 82256, 81924, 82331, 82627, 81691, 81641, 82010, 81828, 81916, 82640, 82161, 81730, 82029, 81741, 82489, 82391, 81726, 82047, 81655, 81561, 81723, 82176, 82284, 82396, 81952, 81787, 81905, 81902, 81879, 81764, 81743, 81695, 81760, 

Probabilities of results length 8 and mask [0, 2, 3, 4, 7] are: 328953, 327991, 328540, 328088, 328816, 328500, 327986, 328511, 328480, 327730, 328467, 328271, 328264, 328698, 327411, 326777, 328450, 328392, 328242, 327410, 327337, 327885, 328195, 328185, 328319, 327751, 327933, 328463, 327704, 328210, 328383, 327658, 

Probabilities of results length 7 and mask [0, 1, 4, 5, 6] are: 328269, 328696, 329033, 327789, 328300, 328015, 328830, 327136, 328547, 328550, 327559, 327882, 328806, 328248, 327545, 328277, 328421, 328799, 327557, 327503, 328164, 327855, 328857, 328257, 328335, 327767, 328798, 327976, 327224, 327484, 327235, 328286, 

Probabilities of results length 10 and mask [0, 1, 3, 6, 7, 8, 9] are: 82741, 82248, 81823, 82238, 82581, 82332, 82090, 81680, 82198, 82270, 81664, 82120, 81563, 81969, 82279, 81992, 81925, 82745, 82237, 82265, 81443, 82025, 81657, 82174, 82224, 81797, 81956, 81981, 82065, 81454, 82185, 82147, 82080, 81918, 82389, 81988, 81658, 81937, 82441, 81860, 81879, 81833, 82141, 81878, 82155, 82036, 82072, 82274, 82536, 81760, 82149, 82038, 82053, 82257, 82107, 82010, 81870, 81984, 81973, 82040, 82400, 81964, 81827, 81907, 82327, 81894, 82141, 81554, 82086, 82268, 82113, 81672, 82057, 82144, 82079, 81783, 81707, 82239, 82131, 82086, 81997, 81665, 82186, 82077, 82303, 81959, 81748, 82132, 82092, 82189, 82502, 82313, 82078, 82332, 81722, 81838, 82129, 82402, 82575, 81739, 81872, 81959, 81578, 81756, 82279, 81845, 81938, 82226, 81856, 82427, 82295, 81999, 81897, 81995, 81949, 81777, 82294, 82145, 81784, 82124, 81771, 81632, 81680, 81758, 81950, 81790, 82003, 81680, 

