0 4 14 p_value: 0.106698
0 3 6 10 14 p_value: 0.00100815
0 2 6 8 14 p_value: 0.00942657
0 1 2 8 9 p_value: 0.000117342
0 4 12 13 14 p_value: 0.0903198
0 6 12 14 p_value: 0.49631
0 1 4 5 9 p_value: 0.109681
0 7 13 14 p_value: 0.0618844
0 1 10 11 12 p_value: 0.00182522
0 2 8 9 12 p_value: 0.338434
0 3 6 9 12 p_value: 0.00736822
0 1 5 6 10 p_value: 0.000538835
0 2 4 6 p_value: 0.641704
0 4 5 13 p_value: 0.0041808
0 4 8 12 p_value: 0.553898
0 4 7 11 14 p_value: 0.305501
0 4 5 11 13 p_value: 0.026933
0 4 5 7 11 p_value: 0.017591
0 4 6 7 10 p_value: 0.105515
0 3 5 8 13 p_value: 2.39645e-006
0 1 4 8 13 p_value: 0.00374484
0 9 p_value: 0.0286342
0 2 5 9 13 p_value: 0.114555
0 7 14 p_value: 0.0322729
0 2 6 7 11 p_value: 0.000337494
0 6 8 12 14 p_value: 4.66364e-007
0 3 8 10 14 p_value: 0.0533414
0 10 11 14 p_value: 0.0166486
0 7 9 10 13 p_value: 0.00330223
0 6 8 9 12 p_value: 0.0163803
0 2 10 14 p_value: 0.310983
0 4 7 13 14 p_value: 0.0121067
0 4 6 8 14 p_value: 0.05775
0 5 6 11 14 p_value: 0.116119
0 2 3 4 11 p_value: 0.0782297
0 5 6 8 13 p_value: 0.00826131
0 7 11 12 p_value: 0.781886
0 3 7 10 12 p_value: 0.0178264
0 5 10 12 14 p_value: 0.0898994
0 8 11 12 p_value: 0.00437438
0 5 7 10 11 p_value: 0.00321234
0 7 9 11 13 p_value: 0.00593417
0 1 2 3 4 p_value: 0.0282549
0 1 6 7 12 p_value: 0.259417
0 3 9 11 13 p_value: 0.0080418
0 4 7 9 10 p_value: 0.0455008
0 5 11 12 13 p_value: 0.189815
0 4 6 13 14 p_value: 0.00649061
0 4 8 12 14 p_value: 0.110341
0 2 6 14 p_value: 0.779768
0 4 6 11 p_value: 0.779425
0 11 12 p_value: 0.69984
0 3 4 8 9 p_value: 0.0969092
0 1 11 13 14 p_value: 0.17407
0 4 6 8 11 p_value: 0.0106134
0 6 7 9 11 p_value: 0.0596694
0 1 5 6 8 p_value: 0.023223
0 9 10 11 12 p_value: 0.178507
0 1 3 6 13 p_value: 0.00628165
0 2 5 7 10 p_value: 0.783485
0 4 6 12 p_value: 0.0927629
0 5 7 11 13 p_value: 0.00060875
0 4 8 10 14 p_value: 0.0167114
0 2 10 13 p_value: 0.0306765
0 9 10 11 p_value: 0.0175503
0 1 7 8 10 p_value: 0.0143591
0 2 6 12 14 p_value: 0.0965679
0 4 7 11 14 p_value: 0.308073
0 2 6 11 13 p_value: 0.267338
0 4 6 12 14 p_value: 0.000958681
0 4 6 12 14 p_value: 6.05478e-005
0 1 12 13 14 p_value: 0.00734523
0 1 7 10 13 p_value: 0.0698638
0 2 10 13 14 p_value: 0.0200299
0 4 5 9 13 p_value: 0.000146783
0 2 3 5 7 p_value: 0.0702849
0 2 8 p_value: 0.00801817
0 6 12 p_value: 0.479173
0 2 5 11 14 p_value: 0.000432678
0 5 6 14 p_value: 0.189823
0 4 6 10 14 p_value: 0.000971399
0 6 11 12 13 p_value: 0.00409328
0 1 3 4 7 p_value: 0.0946612
0 4 5 13 p_value: 0.0090068
0 1 4 8 14 p_value: 0.000487828
0 1 4 5 11 p_value: 0.0192038
0 1 4 13 14 p_value: 3.42692e-008
0 1 4 8 12 p_value: 0.259981
0 3 6 9 12 p_value: 0.32787
0 1 2 3 4 p_value: 0.60095
0 1 2 11 13 p_value: 0.0207721
0 6 8 9 11 p_value: 0.00607109
0 1 3 5 14 p_value: 0.252506
0 4 12 14 p_value: 0.260033
0 9 11 13 p_value: 3.14212e-005
0 1 11 12 p_value: 0.464785
0 7 8 10 13 p_value: 0.0827542
0 2 4 6 8 p_value: 0.109948
0 3 4 11 13 p_value: 0.0254911
0 1 6 13 14 p_value: 0.159177
0 1 7 12 13 p_value: 0.00469349
0 1 3 7 14 p_value: 0.189621
0 2 7 10 12 p_value: 0.00017861
0 5 10 12 14 p_value: 0.00271111
0 4 8 12 13 p_value: 0.00378564
0 1 9 10 p_value: 0.278393
0 1 5 9 13 p_value: 6.70975e-005
0 5 7 12 p_value: 0.0023838
0 2 6 7 12 p_value: 4.2755e-006
0 3 6 9 12 p_value: 0.162061
0 1 8 11 12 p_value: 0.0388159
0 1 6 8 14 p_value: 0.0278666
0 1 4 6 11 p_value: 0.0322353
0 2 8 11 13 p_value: 0.169308
0 7 9 12 14 p_value: 0.0453396
0 2 6 13 p_value: 0.0559865
0 4 6 7 14 p_value: 0.094985
0 4 8 9 13 p_value: 0.00174556
0 5 9 11 14 p_value: 0.366207
0 4 8 10 13 p_value: 0.044126
0 2 3 11 14 p_value: 0.0674421
0 4 10 12 13 p_value: 0.0109263
0 4 8 14 p_value: 0.0298914
0 2 4 6 11 p_value: 0.017115
0 3 7 9 13 p_value: 0.0124156
0 3 6 10 12 p_value: 0.00790608
0 8 11 13 14 p_value: 0.127351
0 2 6 7 12 p_value: 0.481256
0 2 11 13 p_value: 0.338445
0 4 7 8 11 p_value: 0.00445205
0 2 6 7 14 p_value: 0.177207
0 5 9 10 14 p_value: 0.0155959
0 8 9 10 p_value: 0.000762929
0 1 2 4 9 p_value: 0.218139
0 2 3 4 13 p_value: 0.00456024
0 1 3 4 14 p_value: 0.0942551
0 6 7 12 13 p_value: 0.0349085
0 1 7 8 12 p_value: 0.00445433
0 2 3 8 14 p_value: 0.00214205
0 3 4 7 9 p_value: 0.0776067
0 2 4 9 14 p_value: 0.019317
0 1 7 11 14 p_value: 0.320754
0 7 9 11 13 p_value: 0.00273398
0 2 4 8 10 p_value: 9.8142e-005
0 3 6 9 12 p_value: 0.020192
0 5 6 10 11 p_value: 0.0724897
0 2 4 5 9 p_value: 0.0143119
0 9 11 12 13 p_value: 0.00264391
0 5 10 12 14 p_value: 6.14198e-006
0 2 4 9 11 p_value: 0.00288799
0 1 7 9 11 p_value: 0.00132284
0 1 8 12 14 p_value: 0.0513108
0 4 6 7 10 p_value: 0.450868
0 5 7 12 14 p_value: 0.00222686
0 1 3 5 10 p_value: 0.00451293
0 2 5 7 14 p_value: 0.266523
0 1 4 5 14 p_value: 0.576353
0 7 14 p_value: 0.290406
0 2 7 8 13 p_value: 0.0025288
0 6 8 12 14 p_value: 0.207774
0 3 8 10 14 p_value: 0.0616639
0 2 5 10 11 p_value: 0.0305024
0 1 2 9 13 p_value: 0.00604669
0 8 9 12 p_value: 0.0531746
0 2 10 13 14 p_value: 0.0673382
0 3 8 9 p_value: 0.0821043
0 4 7 11 13 p_value: 0.283943
0 1 2 10 13 p_value: 0.760586
0 6 9 14 p_value: 0.519883
0 1 2 10 11 p_value: 0.00370214
0 1 5 6 11 p_value: 0.00166852
0 3 4 9 13 p_value: 0.0226682
0 6 10 12 14 p_value: 0.24905
0 8 11 12 13 p_value: 0.230949
0 5 7 12 14 p_value: 0.0418406
0 6 8 13 14 p_value: 0.00183327
0 2 4 6 7 p_value: 0.0185813
0 4 8 10 14 p_value: 0.0906585
0 1 3 9 13 p_value: 0.0863295
0 4 5 6 11 p_value: 0.223937
0 3 5 11 12 p_value: 0.0404635
0 2 3 5 14 p_value: 0.0246081
0 4 8 12 14 p_value: 0.139772
0 1 6 11 12 p_value: 4.87053e-005
0 5 8 10 11 p_value: 0.162078
0 4 11 12 13 p_value: 0.163923
0 4 6 9 10 p_value: 0.380099
0 1 4 13 14 p_value: 0.00219583
0 3 4 7 9 p_value: 0.0210618
0 4 8 11 13 p_value: 0.361754
0 5 6 9 12 p_value: 0.00587366
0 2 7 10 14 p_value: 0.374442
0 2 8 9 p_value: 0.0853985
0 2 5 7 10 p_value: 0.209158
0 2 7 13 p_value: 0.0438697
0 2 3 12 13 p_value: 0.000190423
0 4 8 12 14 p_value: 0.00474867
0 1 2 11 13 p_value: 0.000213184
0 1 10 11 12 p_value: 0.0197316
0 2 3 10 12 p_value: 0.0283349
0 6 12 13 14 p_value: 0.095222
0 7 10 13 p_value: 0.333021
0 3 9 13 14 p_value: 0.163862
0 4 8 10 11 p_value: 0.14416
0 1 2 6 8 p_value: 0.0180737
0 1 12 13 14 p_value: 0.00048719
0 1 9 11 12 p_value: 0.00113281
0 4 8 11 12 p_value: 0.00574335
0 5 8 9 12 p_value: 0.0126312
0 3 5 8 13 p_value: 0.0867165
0 2 8 10 p_value: 0.00865298
0 2 8 14 p_value: 0.171353
0 5 6 8 11 p_value: 7.68865e-005
0 5 8 9 12 p_value: 0.00877123
0 6 8 13 p_value: 0.081927
0 5 7 11 13 p_value: 0.00188138
0 1 7 11 12 p_value: 0.000837408
0 3 5 7 14 p_value: 0.0342168
0 5 8 12 13 p_value: 0.0392533
0 8 9 10 11 p_value: 0.214054
0 7 10 13 14 p_value: 0.00471386
0 2 7 10 11 p_value: 0.0285987
0 5 6 10 11 p_value: 0.000511757
0 3 6 9 12 p_value: 0.00153964
0 6 9 12 14 p_value: 0.305624
0 5 7 11 13 p_value: 0.00568446
0 3 6 9 p_value: 0.199418
0 4 12 14 p_value: 0.0300913
0 3 9 11 13 p_value: 6.39117e-005
0 3 11 14 p_value: 0.00813592
0 3 6 8 p_value: 0.486537
0 2 3 7 12 p_value: 0.222925
0 4 11 13 p_value: 0.078477
0 4 5 7 14 p_value: 0.0891918
0 2 9 11 13 p_value: 0.442897
0 1 3 4 7 p_value: 0.038436
0 7 10 12 13 p_value: 0.0671084
0 5 7 8 p_value: 0.0439064
0 1 7 10 11 p_value: 0.132715
0 2 5 12 14 p_value: 0.0636173
0 6 7 10 11 p_value: 0.0849939
0 3 4 5 6 p_value: 0.117761
0 2 8 12 14 p_value: 3.43778e-008
0 2 4 11 13 p_value: 0.108104
0 4 7 10 14 p_value: 0.41427
0 2 5 7 10 p_value: 0.000319095
0 2 6 8 14 p_value: 0.11832
0 9 10 12 14 p_value: 0.0425652
0 5 7 10 12 p_value: 0.0540625
0 2 4 6 13 p_value: 0.0082642
0 7 9 12 14 p_value: 0.0355015
0 5 9 10 14 p_value: 0.0165667
0 2 4 10 12 p_value: 9.66309e-005
0 4 8 10 13 p_value: 0.00456225
0 1 6 9 14 p_value: 0.0485876
0 1 9 10 14 p_value: 0.00560011
0 1 9 10 p_value: 0.154901
0 3 7 10 14 p_value: 0.000450097
0 2 4 10 p_value: 0.0623405
0 1 2 8 12 p_value: 6.22004e-006
0 3 11 13 14 p_value: 0.689693
0 3 9 12 14 p_value: 0.0622043
0 2 11 13 p_value: 0.0600256
0 5 9 10 14 p_value: 0.00893822
0 3 4 7 12 p_value: 0.350061
0 3 6 11 14 p_value: 0.0672628
0 2 3 4 10 p_value: 0.022196
0 1 2 4 9 p_value: 0.501346
0 1 2 10 11 p_value: 0.194
0 2 5 11 13 p_value: 0.00444375
0 8 10 13 14 p_value: 0.520871
0 1 4 6 8 p_value: 0.574639
0 1 2 3 p_value: 0.102043
0 1 6 7 12 p_value: 0.00148798
0 7 9 10 13 p_value: 0.0238216
0 1 4 5 12 p_value: 0.722647
0 2 8 10 12 p_value: 5.10062e-008
0 2 4 6 8 p_value: 0.00255392
0 3 6 12 14 p_value: 0.0108954
0 3 5 8 10 p_value: 0.00270794
0 3 7 11 14 p_value: 0.000224947
0 9 11 12 13 p_value: 0.0633448
0 6 7 13 14 p_value: 0.0411977
0 2 4 6 8 p_value: 0.0717776
0 2 6 10 p_value: 0.658691
0 7 8 11 12 p_value: 0.045531
0 6 7 10 p_value: 0.254023
0 5 7 12 14 p_value: 0.0108278
0 8 10 11 13 p_value: 0.0772377
0 2 5 10 11 p_value: 0.420317
0 1 6 7 12 p_value: 0.0982761
0 1 3 8 14 p_value: 0.00165079
0 3 5 11 p_value: 0.32131
0 3 6 9 12 p_value: 0.656528
0 4 8 12 p_value: 0.170208
0 2 6 11 12 p_value: 0.01809
0 5 7 12 14 p_value: 0.0763743
0 3 4 11 12 p_value: 0.0256683
0 2 10 13 14 p_value: 0.118211
0 5 6 11 13 p_value: 0.209437
0 4 7 11 13 p_value: 0.81113
0 1 2 9 13 p_value: 0.335388
0 6 8 13 14 p_value: 0.318821
0 1 4 10 11 p_value: 0.360016
0 1 5 6 11 p_value: 0.0748215
0 2 10 11 14 p_value: 0.00374632
0 2 5 8 10 p_value: 0.254514
0 3 4 13 p_value: 0.47812
0 7 8 10 14 p_value: 0.00225742
0 2 3 7 14 p_value: 0.000349139
0 2 4 6 8 p_value: 0.000843685
0 6 7 10 12 p_value: 0.184618
0 6 9 14 p_value: 0.0234242
0 5 8 13 p_value: 0.00196639
0 3 5 11 12 p_value: 0.0346891
0 4 6 10 13 p_value: 0.000140769
0 4 8 12 p_value: 0.0962948
0 4 7 10 11 p_value: 0.545258
0 6 8 9 11 p_value: 0.275948
0 4 6 11 13 p_value: 0.23123
0 3 4 6 10 p_value: 0.405377
0 1 9 13 14 p_value: 0.000381822
0 10 11 13 14 p_value: 0.0554724
0 4 8 11 13 p_value: 0.696397
0 5 6 12 p_value: 0.0518073
0 1 10 11 12 p_value: 4.84973e-005
0 2 8 9 p_value: 0.0217631
0 2 3 5 8 p_value: 0.0195567
0 3 6 9 p_value: 0.580127
0 1 3 13 p_value: 0.123511
0 1 3 10 11 p_value: 0.0287489
0 1 4 9 11 p_value: 0.221508
0 3 10 11 14 p_value: 0.00124862
0 3 5 7 9 p_value: 0.0213537
0 2 6 8 9 p_value: 0.000832577
0 1 2 5 8 p_value: 0.0170636
0 7 12 p_value: 0.450285
0 1 10 11 13 p_value: 0.394895
0 1 2 6 8 p_value: 0.0420057
0 2 5 13 14 p_value: 0.0176184
0 4 9 13 p_value: 0.188768
0 2 6 10 14 p_value: 0.310918
0 4 5 13 14 p_value: 0.0160579
0 2 7 8 14 p_value: 1.50091e-005
0 2 8 10 p_value: 0.0514464
0 6 7 12 13 p_value: 0.0093538
0 5 8 10 11 p_value: 0.00178378
0 1 6 8 12 p_value: 0.0597771
0 1 4 5 6 p_value: 0.18853
0 5 7 14 p_value: 0.0709509
0 2 4 6 8 p_value: 0.204767
0 6 9 10 11 p_value: 0.00395471
0 1 6 8 13 p_value: 0.132035
0 9 10 11 12 p_value: 0.025521
0 2 10 12 p_value: 0.410608
0 4 5 9 13 p_value: 0.164199
0 1 5 6 11 p_value: 9.04785e-005
0 3 4 5 9 p_value: 0.00763491
0 6 8 10 12 p_value: 0.0128169
0 2 4 6 8 p_value: 0.000150344
0 3 4 5 7 p_value: 0.108196
0 2 4 7 p_value: 0.506847
0 8 10 13 14 p_value: 0.00879093
0 1 11 12 p_value: 0.0126976
0 7 8 9 10 p_value: 0.0334205
0 2 3 7 12 p_value: 0.334571
0 2 4 12 14 p_value: 0.527718
0 1 4 5 6 p_value: 0.0908211
0 1 8 10 12 p_value: 0.243994
0 1 6 7 13 p_value: 0.000179408
0 3 4 10 14 p_value: 0.255914
0 8 9 10 13 p_value: 0.0139858
0 6 10 12 14 p_value: 0.000879973
0 2 5 12 14 p_value: 0.310374
0 4 8 12 p_value: 0.572546
0 4 6 10 13 p_value: 0.552724
0 2 7 11 p_value: 3.01837e-005
0 1 6 7 13 p_value: 0.0404506
0 2 3 8 14 p_value: 0.12607
0 3 4 11 12 p_value: 0.151544
0 6 7 11 14 p_value: 0.0789504
0 2 3 4 13 p_value: 0.104279
0 5 8 10 14 p_value: 0.00226786
0 3 7 10 11 p_value: 0.000305782
0 2 5 7 12 p_value: 0.00143845
0 5 7 10 14 p_value: 0.0533218
0 3 5 9 12 p_value: 0.0278438
0 1 4 9 10 p_value: 0.0270368
0 2 3 6 12 p_value: 0.0010799
0 1 6 10 p_value: 0.0830082
0 1 2 12 13 p_value: 0.0107939
0 3 7 10 14 p_value: 0.00113274
0 2 4 10 14 p_value: 0.00226037
0 1 2 3 14 p_value: 0.000827756
0 2 7 11 13 p_value: 0.199237
0 2 9 12 14 p_value: 0.100598
0 2 11 12 13 p_value: 6.06686e-006
0 2 11 13 14 p_value: 0.0122027
0 3 4 7 10 p_value: 0.0268723
0 2 4 6 8 p_value: 0.203992
0 2 3 4 10 p_value: 0.255472
0 7 8 9 10 p_value: 0.00918067
0 1 5 6 10 p_value: 0.170203
0 2 11 13 p_value: 0.107294
0 2 5 7 9 p_value: 8.27028e-005
0 1 4 6 8 p_value: 0.317757
0 1 2 8 9 p_value: 4.03315e-005
0 6 7 9 12 p_value: 0.0163299
0 1 9 10 13 p_value: 0.190971
0 1 5 10 12 p_value: 0.498674
0 8 9 12 13 p_value: 0.000204375
0 2 6 8 10 p_value: 0.00289898
0 2 6 9 14 p_value: 0.0235296
0 3 4 8 10 p_value: 0.000821717
0 2 5 7 8 p_value: 0.0459401
0 1 2 3 4 p_value: 0.00225318
0 2 12 14 p_value: 8.88332e-009
0 2 4 6 8 p_value: 0.482476
0 6 10 p_value: 0.427514
0 2 6 7 13 p_value: 0.00730851
0 1 2 5 6 p_value: 0.0271001
0 3 7 9 13 p_value: 0.0149779
0 4 8 12 p_value: 0.0181694
0 5 6 11 12 p_value: 0.0238093
0 2 12 14 p_value: 0.0629371
0 5 9 p_value: 0.768047
0 3 5 11 p_value: 0.184115
0 4 7 9 13 p_value: 0.00657441
0 2 5 7 p_value: 0.257487
0 5 6 12 p_value: 0.47361
0 5 7 12 14 p_value: 0.431169
0 6 7 9 10 p_value: 0.145905
0 2 10 11 14 p_value: 0.00207442
0 6 14 p_value: 0.529047
0 9 10 12 13 p_value: 0.0149293
0 2 10 12 14 p_value: 0.143889
0 1 8 9 12 p_value: 0.00738449
0 1 7 10 11 p_value: 0.0131918
0 2 7 14 p_value: 0.251704
0 2 3 13 14 p_value: 0.0400404
0 3 4 10 12 p_value: 0.0360035
0 3 4 13 p_value: 0.513229
0 5 7 10 14 p_value: 0.0221952
0 4 8 9 p_value: 0.00459335
0 2 11 13 p_value: 0.0397421
0 2 4 8 9 p_value: 0.00148472
0 6 7 12 13 p_value: 0.0522278
0 1 5 10 13 p_value: 0.00433228
0 3 5 8 14 p_value: 0.546565
0 1 4 10 14 p_value: 0.000287673
0 4 6 9 13 p_value: 0.00681479
0 2 4 6 14 p_value: 0.0148787
0 2 5 6 14 p_value: 0.153443
0 4 7 10 14 p_value: 0.0236992
0 2 3 6 12 p_value: 0.662147
0 5 9 13 14 p_value: 0.0542963
0 1 11 13 14 p_value: 0.0710161
0 6 9 10 12 p_value: 0.24871
0 1 2 3 13 p_value: 0.00247828
0 8 11 12 p_value: 0.24619
0 5 7 9 13 p_value: 0.0517387
0 2 3 14 p_value: 0.207979
0 1 2 5 8 p_value: 0.885445
0 2 3 7 12 p_value: 0.00518177
0 6 9 12 13 p_value: 0.000587582
0 4 8 10 14 p_value: 0.47632
0 5 7 9 12 p_value: 5.88708e-009
0 5 7 9 12 p_value: 0.00169359
0 2 7 10 11 p_value: 0.00462859
0 2 8 10 p_value: 0.251659
0 1 2 8 11 p_value: 0.0329926
0 3 7 12 14 p_value: 0.294707
0 4 6 10 12 p_value: 0.0231187
0 1 3 7 9 p_value: 0.0107476
0 4 13 14 p_value: 0.128362
0 1 9 11 12 p_value: 0.157866
0 1 10 13 14 p_value: 0.362132
0 6 8 13 14 p_value: 5.68926e-006
0 2 3 5 9 p_value: 0.0160497
0 6 7 12 13 p_value: 0.0271023
0 6 8 14 p_value: 0.0282251
0 2 6 11 14 p_value: 0.0159132
0 1 5 10 14 p_value: 0.0432973
0 4 6 10 14 p_value: 0.00149086
0 2 4 6 8 p_value: 0.0620169
0 6 7 11 12 p_value: 0.133384
0 5 10 13 14 p_value: 0.608807
0 3 7 p_value: 0.408451
0 4 8 10 p_value: 0.0967726
0 1 4 8 13 p_value: 0.00331064
0 1 5 6 12 p_value: 0.00175538
0 3 6 9 12 p_value: 0.0733197
0 1 8 10 12 p_value: 0.0138347
0 3 5 11 14 p_value: 0.000792615
0 1 2 3 4 p_value: 0.109225
0 2 4 7 p_value: 0.888444
0 1 6 7 12 p_value: 0.000514537
0 1 11 12 p_value: 0.00115731
0 1 2 3 4 p_value: 0.00230481
0 2 3 7 12 p_value: 0.382508
0 7 14 p_value: 0.21292
0 3 9 10 12 p_value: 0.000228101
0 1 2 10 11 p_value: 0.316604
0 1 6 7 13 p_value: 0.000901868
0 1 4 5 11 p_value: 0.0408116
0 5 8 9 13 p_value: 0.0301088
0 1 5 7 8 p_value: 0.122806
0 1 4 12 14 p_value: 0.437232
0 6 10 11 14 p_value: 0.0408084
0 5 9 11 13 p_value: 0.00375144
0 2 5 7 12 p_value: 1.09144e-005
0 3 4 9 11 p_value: 0.0597736
0 3 6 9 12 p_value: 0.0979964
0 3 4 8 11 p_value: 0.00144223
0 5 8 10 13 p_value: 0.00684694
0 2 3 6 8 p_value: 0.000771867
0 1 3 4 14 p_value: 0.140204
0 1 2 7 11 p_value: 0.000516543
0 2 6 13 p_value: 0.0667288
0 5 7 10 14 p_value: 0.0124934
0 3 9 12 p_value: 0.370502
0 1 4 8 14 p_value: 0.00110648
0 4 8 10 14 p_value: 0.0206058
0 4 5 9 10 p_value: 0.0075782
0 1 2 12 13 p_value: 0.0848723
0 3 4 10 14 p_value: 0.00123398
0 10 12 14 p_value: 0.101976
0 2 3 7 p_value: 0.378159
0 3 6 9 12 p_value: 0.0125973
0 2 9 12 14 p_value: 0.0727518
0 2 6 7 11 p_value: 0.0112132
0 2 11 13 14 p_value: 0.00217871
0 4 7 8 11 p_value: 0.214258
0 2 4 6 8 p_value: 0.0819751
0 4 5 9 p_value: 0.0309485
0 8 9 10 14 p_value: 0.00242751
0 1 5 6 10 p_value: 0.232602
0 4 6 12 14 p_value: 0.327556
0 3 7 12 14 p_value: 0.0354891
0 2 8 12 14 p_value: 0.000140174
0 1 2 8 9 p_value: 0.000185072
0 1 8 9 10 p_value: 0.501372
0 6 12 14 p_value: 0.388018
0 4 8 9 13 p_value: 0.00565986
0 5 6 9 12 p_value: 0.23644
0 8 10 12 14 p_value: 0.150283
0 2 8 9 12 p_value: 0.24779
0 3 5 8 10 p_value: 0.000290075
0 5 7 8 13 p_value: 0.000643124
0 3 5 7 12 p_value: 0.064327
0 7 9 11 12 p_value: 0.00368461
0 3 7 11 14 p_value: 0.108331
0 3 4 10 14 p_value: 0.0254922
0 2 4 5 13 p_value: 0.0263918
0 4 5 8 9 p_value: 0.00457176
0 3 7 9 13 p_value: 0.0482661
0 7 8 9 12 p_value: 5.75672e-005
0 4 5 9 14 p_value: 0.0197938
0 3 4 7 9 p_value: 0.0407786
0 4 9 13 p_value: 0.424951
0 3 5 9 11 p_value: 0.0295431
0 2 6 7 11 p_value: 2.22881e-005
0 6 9 12 14 p_value: 2.38634e-006
0 5 6 9 12 p_value: 0.495926
0 5 9 11 13 p_value: 0.00262049
0 1 9 11 12 p_value: 0.0309063
0 6 8 9 12 p_value: 0.0308954
0 2 8 10 14 p_value: 0.143113
0 4 9 14 p_value: 0.227791
0 2 10 12 14 p_value: 0.244513
0 5 10 13 14 p_value: 0.0231032
0 1 2 3 4 p_value: 0.0442566
0 3 10 12 13 p_value: 0.486133
0 2 3 13 14 p_value: 0.0587898
0 2 3 7 9 p_value: 0.488763
0 6 10 12 14 p_value: 0.433871
0 7 14 p_value: 0.0116443
0 3 7 11 12 p_value: 0.00108333
0 2 4 6 8 p_value: 0.00102318
0 1 2 3 4 p_value: 0.152854
0 1 6 7 12 p_value: 0.409231
0 3 9 11 13 p_value: 0.00590737
0 2 7 9 14 p_value: 0.0278462
0 3 6 9 13 p_value: 0.00690693
0 4 6 13 14 p_value: 0.0027421
0 4 8 12 14 p_value: 0.164565
0 3 6 7 14 p_value: 0.00487896
0 5 6 9 11 p_value: 0.359961
0 3 7 11 12 p_value: 0.162591
0 5 6 14 p_value: 0.0666785
0 1 11 13 14 p_value: 0.265996
0 1 2 5 7 p_value: 0.0100162
0 6 7 9 11 p_value: 0.260151
0 3 10 13 14 p_value: 0.00155154
0 2 4 11 13 p_value: 0.0272623
0 1 3 10 12 p_value: 0.709722
0 1 2 4 7 p_value: 0.150824
0 6 12 p_value: 0.269913
0 5 7 11 13 p_value: 0.00959021
0 4 8 10 14 p_value: 0.123076
0 5 7 9 12 p_value: 4.22257e-008
0 2 3 4 5 p_value: 0.24477
0 3 6 9 12 p_value: 0.0141937
0 2 6 8 10 p_value: 0.243402
0 7 10 13 p_value: 0.152745
0 2 6 11 13 p_value: 0.0502029
0 4 6 14 p_value: 0.358012
0 3 5 11 12 p_value: 0.00303187
0 3 6 12 14 p_value: 0.0148482
0 1 9 11 12 p_value: 0.234302
0 14 p_value: 0.520916
0 2 8 11 12 p_value: 4.67643e-006
0 2 3 7 12 p_value: 0.0561201
0 4 6 12 13 p_value: 2.50671e-005
0 4 8 10 13 p_value: 0.139888
0 2 5 13 14 p_value: 0.00232691
0 3 8 11 12 p_value: 0.0326434
0 4 6 10 14 p_value: 0.000262756
0 2 4 6 8 p_value: 0.0688783
0 2 3 7 9 p_value: 0.13343
0 1 3 6 13 p_value: 0.121798
0 1 4 8 14 p_value: 0.000257241
0 3 4 7 14 p_value: 0.0280367
0 2 8 13 14 p_value: 8.86363e-007
0 3 4 5 14 p_value: 0.0097984
0 3 6 9 12 p_value: 0.0408449
0 1 2 4 p_value: 0.906128
0 1 2 11 13 p_value: 0.00965831
0 3 4 7 10 p_value: 0.00911698
0 2 10 12 p_value: 0.238365
0 4 5 6 14 p_value: 0.32178
0 2 10 13 14 p_value: 3.14641e-005
0 3 8 11 12 p_value: 0.0101773
0 5 6 8 12 p_value: 0.293217
0 3 6 9 14 p_value: 0.0014224
0 3 6 12 13 p_value: 0.0016526
0 4 5 7 14 p_value: 0.174928
0 1 7 12 13 p_value: 0.0162278
0 1 7 8 14 p_value: 0.0807335
0 5 6 10 13 p_value: 0.00666388
0 2 3 5 7 p_value: 0.0767697
0 9 13 14 p_value: 0.0515401
0 7 10 11 13 p_value: 0.00724877
0 6 7 10 11 p_value: 0.021375
0 2 5 7 12 p_value: 0.00151322
0 5 7 8 10 p_value: 0.000476506
0 3 6 9 12 p_value: 0.139173
0 1 8 11 12 p_value: 7.51508e-005
0 1 5 10 11 p_value: 0.00857352
0 2 4 6 8 p_value: 0.0270412
0 2 12 13 14 p_value: 0.00383844
0 7 9 12 14 p_value: 0.00176328
0 2 6 11 13 p_value: 0.0340822
0 3 7 9 13 p_value: 0.85552
0 5 8 11 13 p_value: 0.069148
0 1 4 8 14 p_value: 3.45888e-005
0 4 8 10 14 p_value: 0.0297222
0 4 5 10 14 p_value: 0.0812415
0 3 4 12 13 p_value: 0.0375
0 3 6 7 10 p_value: 0.0147599
0 2 4 10 14 p_value: 0.0924024
0 1 7 10 11 p_value: 0.000200129
0 1 7 11 13 p_value: 0.185507
0 7 8 10 11 p_value: 0.0347772
0 1 2 6 7 p_value: 0.0296106
0 2 11 13 p_value: 0.232173
0 4 7 10 12 p_value: 0.0476275
0 2 7 14 p_value: 0.943743
0 2 4 6 8 p_value: 0.0834856
0 8 9 10 14 p_value: 0.0112142
0 4 5 9 10 p_value: 0.413056
0 8 12 13 14 p_value: 0.016652
0 1 3 14 p_value: 0.426543
0 6 7 12 13 p_value: 0.249707
0 1 2 4 5 p_value: 0.0586042
0 6 10 11 12 p_value: 0.020068
0 1 3 6 12 p_value: 0.0234926
0 2 4 9 14 p_value: 0.0168314
0 1 7 14 p_value: 0.317848
0 7 9 11 13 p_value: 0.0118468
0 2 8 9 12 p_value: 0.19376
0 3 5 9 11 p_value: 0.0123299
0 1 5 6 10 p_value: 0.00347531
0 2 3 4 9 p_value: 0.00266446
0 12 p_value: 0.0688074
0 4 8 12 p_value: 0.258236
0 1 5 10 12 p_value: 0.0568809
0 1 7 9 11 p_value: 0.0242072
0 5 6 10 11 p_value: 0.00380928
0 4 6 7 10 p_value: 0.181867
0 7 8 9 12 p_value: 1.24189e-008
0 2 3 4 12 p_value: 0.00128427
0 2 4 7 9 p_value: 0.850651
0 2 5 9 13 p_value: 0.309337
0 2 3 12 14 p_value: 0.203712
0 2 7 8 13 p_value: 0.000518337
0 6 12 14 p_value: 0.00354088
0 3 10 11 14 p_value: 0.039741
0 3 9 11 14 p_value: 0.0122704
0 7 9 10 p_value: 0.0410483
0 3 5 6 14 p_value: 0.0625048
0 3 11 12 13 p_value: 0.173034
0 4 12 14 p_value: 0.0934955
0 2 5 6 12 p_value: 0.332439
0 4 5 11 14 p_value: 0.30579
0 1 4 11 13 p_value: 0.0943698
0 4 5 7 10 p_value: 0.00552577
0 2 12 14 p_value: 0.272479
0 4 7 10 12 p_value: 0.0209407
0 6 10 12 14 p_value: 0.299509
0 8 11 12 p_value: 0.0753095
0 5 7 9 14 p_value: 0.000494347
0 7 9 11 13 p_value: 0.000144407
0 1 2 3 4 p_value: 0.728999
0 4 10 12 14 p_value: 0.189641
0 2 3 9 12 p_value: 0.0443283
0 3 4 9 10 p_value: 0.0448764
0 1 5 12 14 p_value: 0.0547493
0 1 4 12 14 p_value: 2.02702e-005
0 4 8 12 14 p_value: 0.185694
0 2 6 14 p_value: 0.702679
0 6 11 13 14 p_value: 0.128825
0 2 11 12 13 p_value: 0.477561
0 4 8 9 10 p_value: 0.0182816
0 1 4 13 14 p_value: 0.123387
0 4 8 11 p_value: 0.00373651
0 7 8 13 p_value: 0.00449157
0 3 6 9 p_value: 0.0319836
0 5 10 11 12 p_value: 0.137151
0 1 3 6 13 p_value: 0.00635257
0 2 5 7 10 p_value: 0.734214
0 3 6 9 p_value: 0.26873
0 6 8 10 14 p_value: 2.97494e-009
0 4 8 10 14 p_value: 0.00028165
0 2 3 10 13 p_value: 0.0019738
0 8 9 10 11 p_value: 0.00566535
0 2 3 9 12 p_value: 0.00111065
0 2 6 10 12 p_value: 0.112767
0 3 4 6 7 p_value: 0.424272
0 2 3 6 13 p_value: 0.12024
0 4 6 14 p_value: 0.161225
0 1 2 6 8 p_value: 0.00577298
0 2 5 8 14 p_value: 0.00550902
0 1 4 5 9 p_value: 0.0865751
0 4 8 11 12 p_value: 0.00949485
0 4 6 9 13 p_value: 0.00309694
0 8 10 13 p_value: 0.190893
0 1 7 10 12 p_value: 0.00154109
0 1 6 9 12 p_value: 0.00721971
0 2 5 13 14 p_value: 0.000394286
0 5 6 14 p_value: 0.0504278
0 4 6 10 14 p_value: 9.37877e-005
0 5 7 11 p_value: 0.0565346
0 4 6 7 9 p_value: 0.128249
0 9 10 13 14 p_value: 0.0114069
0 3 7 8 p_value: 0.0820151
0 9 10 12 13 p_value: 0.00646583
0 4 10 13 14 p_value: 1.0466e-005
0 1 6 10 11 p_value: 0.0167643
0 3 6 9 12 p_value: 0.029825
0 4 9 10 11 p_value: 0.00563926
0 1 10 11 12 p_value: 0.229183
0 2 4 7 10 p_value: 0.00161883
0 1 9 12 13 p_value: 0.0646644
0 3 6 11 12 p_value: 0.316861
0 1 9 11 13 p_value: 8.29738e-005
0 1 11 12 p_value: 0.387406
0 3 4 6 9 p_value: 0.308496
0 1 10 11 12 p_value: 0.543357
0 3 4 11 13 p_value: 0.0243397
0 1 6 13 14 p_value: 0.110056
0 1 3 11 12 p_value: 0.212378
0 2 5 12 13 p_value: 0.0845829
0 2 7 10 12 p_value: 0.000757937
0 2 3 5 7 p_value: 9.82684e-005
0 4 8 12 13 p_value: 0.00260321
0 3 7 11 12 p_value: 0.000309523
0 3 4 5 14 p_value: 0.00359842
0 6 9 11 14 p_value: 0.0317563
0 5 8 12 13 p_value: 1.46907e-006
0 8 9 10 12 p_value: 0.153568
0 5 10 p_value: 0.438156
0 6 8 12 14 p_value: 0.00233481
0 1 2 6 8 p_value: 0.0216884
0 2 8 11 13 p_value: 0.180673
0 7 10 12 p_value: 0.062686
0 2 6 13 p_value: 0.0436819
0 3 7 9 14 p_value: 0.107535
0 4 8 9 13 p_value: 0.00178062
0 1 2 11 13 p_value: 0.00446421
0 4 8 10 13 p_value: 0.0107789
0 1 3 4 6 p_value: 0.0985473
0 3 4 12 13 p_value: 0.0699519
0 2 4 11 13 p_value: 0.00508777
0 1 8 12 13 p_value: 0.125622
0 3 4 7 13 p_value: 0.259315
0 2 8 9 12 p_value: 0.0500348
0 3 11 13 14 p_value: 0.53142
0 4 5 10 p_value: 0.281026
0 2 11 13 p_value: 0.23409
0 2 5 11 14 p_value: 0.0110747
0 2 7 11 14 p_value: 0.117439
0 3 8 10 11 p_value: 0.00131452
0 2 3 4 10 p_value: 0.000409349
0 1 2 4 9 p_value: 0.587183
0 8 10 13 14 p_value: 0.235428
0 2 11 13 p_value: 0.757935
0 6 12 p_value: 0.61086
0 1 4 6 8 p_value: 0.234772
0 1 2 3 14 p_value: 0.385496
0 3 4 9 14 p_value: 3.22452e-005
0 2 4 9 14 p_value: 0.0165474
0 2 7 8 14 p_value: 0.0496133
0 7 8 10 13 p_value: 0.00111909
0 2 4 8 10 p_value: 0.0163812
0 3 6 12 14 p_value: 0.0694007
0 3 5 8 10 p_value: 0.0022856
0 5 8 11 14 p_value: 0.00580678
0 9 11 12 13 p_value: 0.00687344
0 6 7 13 14 p_value: 0.000540174
0 1 3 5 7 p_value: 0.0693406
0 1 3 5 8 p_value: 0.127854
0 7 8 11 12 p_value: 0.00212423
0 5 8 10 11 p_value: 0.140822
0 5 7 12 14 p_value: 0.0107174
0 1 3 5 10 p_value: 0.0143636
0 5 7 12 14 p_value: 0.278302
0 1 6 7 12 p_value: 0.01916
0 1 2 8 9 p_value: 0.0028387
0 3 5 11 p_value: 0.0380038
0 1 5 7 13 p_value: 0.0662253
0 3 8 10 14 p_value: 0.0346903
0 4 6 9 10 p_value: 0.0222799
0 5 7 12 14 p_value: 0.0649461
0 3 8 11 12 p_value: 0.0162298
0 2 5 13 14 p_value: 0.0425863
0 3 8 9 p_value: 0.300064
0 4 7 11 13 p_value: 0.633801
0 1 2 10 13 p_value: 0.79581
0 8 13 14 p_value: 0.505054
0 3 7 10 13 p_value: 0.0660262
0 1 5 6 11 p_value: 7.48611e-005
0 5 10 11 14 p_value: 0.012365
0 5 10 12 14 p_value: 0.0468992
0 8 11 12 13 p_value: 0.0920732
0 5 9 11 14 p_value: 0.0524146
0 14 p_value: 0.055156
0 2 4 6 8 p_value: 6.46026e-005
0 4 8 10 14 p_value: 0.0707269
0 1 9 12 13 p_value: 0.0378247
0 5 7 12 13 p_value: 0.00205311
0 3 6 11 12 p_value: 0.297054
0 1 4 12 14 p_value: 0.00082662
0 4 8 12 14 p_value: 0.0504121
0 1 6 11 12 p_value: 0.000232022
0 3 9 11 14 p_value: 0.039155
0 4 6 11 13 p_value: 0.331558
0 4 7 10 p_value: 0.270944
0 1 9 13 14 p_value: 0.00421816
0 1 3 4 6 p_value: 0.0767532
0 4 8 11 13 p_value: 0.710933
0 3 4 5 6 p_value: 0.00144836
0 2 7 10 14 p_value: 0.315042
0 3 5 11 12 p_value: 0.00184485
0 2 5 7 10 p_value: 0.159765
0 1 2 11 12 p_value: 0.00062187
0 2 3 12 13 p_value: 0.00217197
0 4 8 12 14 p_value: 0.00894806
0 2 4 7 p_value: 0.00371103
0 1 10 11 12 p_value: 0.0026885
0 3 5 7 9 p_value: 0.0416678
0 4 11 12 13 p_value: 0.214798
0 4 7 10 13 p_value: 0.197158
0 1 2 7 11 p_value: 0.0382233
0 4 8 10 11 p_value: 0.0180519
0 4 6 10 12 p_value: 0.00135385
0 4 5 11 14 p_value: 0.0282951
0 1 6 10 13 p_value: 8.10413e-006
0 2 6 7 14 p_value: 0.0169829
0 5 7 9 12 p_value: 0.000764855
0 2 4 6 8 p_value: 2.22737e-005
0 2 8 10 p_value: 0.0144835
0 6 7 12 13 p_value: 0.025253
0 1 7 10 p_value: 0.0332684
0 1 6 8 12 p_value: 0.00848572
0 6 10 13 p_value: 0.00288563
0 5 7 11 13 p_value: 0.00135469
0 2 4 6 8 p_value: 0.0711043
0 9 10 13 14 p_value: 0.000906873
0 3 7 8 p_value: 0.162414
0 8 9 10 11 p_value: 0.236864
0 4 10 13 14 p_value: 0.000998687
0 2 7 10 11 p_value: 0.0665567
0 3 6 9 12 p_value: 0.000382882
0 1 6 12 14 p_value: 0.0184242
0 4 10 12 13 p_value: 0.0250003
0 4 5 11 13 p_value: 0.0742197
0 3 6 9 12 p_value: 0.743495
0 2 3 4 6 p_value: 0.0677987
0 2 3 11 13 p_value: 1.29798e-007
0 1 11 12 13 p_value: 0.0238362
0 3 4 11 12 p_value: 0.0911386
0 2 3 7 12 p_value: 0.127282
0 2 8 14 p_value: 0.326755
0 1 5 7 14 p_value: 0.102332
0 1 9 11 13 p_value: 0.0749054
0 1 3 4 7 p_value: 0.011488
0 1 5 7 10 p_value: 0.0209155
0 5 6 7 8 p_value: 0.0563309
0 1 7 10 11 p_value: 0.188193
0 1 4 12 14 p_value: 7.17327e-005
0 4 5 8 9 p_value: 0.0244799
0 3 9 13 14 p_value: 0.0317529
0 5 7 12 p_value: 4.47602e-006
0 1 6 7 13 p_value: 0.0496989
0 2 3 8 14 p_value: 0.0278944
0 3 4 11 12 p_value: 0.103819
0 2 8 9 13 p_value: 4.07013e-005
0 9 10 12 14 p_value: 0.09719
0 5 7 10 12 p_value: 0.0442272
0 1 3 4 7 p_value: 9.90956e-005
0 3 7 9 14 p_value: 0.565936
0 1 3 8 13 p_value: 0.322981
0 2 11 13 p_value: 0.0099094
0 4 8 10 14 p_value: 0.00526008
0 2 3 8 14 p_value: 0.00927154
0 1 7 10 12 p_value: 0.0588752
0 2 11 12 13 p_value: 0.0259832
0 3 7 10 14 p_value: 3.08727e-005
0 4 5 8 11 p_value: 0.082851
0 1 2 7 11 p_value: 4.6485e-006
0 2 8 10 11 p_value: 0.228026
0 2 6 9 12 p_value: 0.251055
0 4 8 11 p_value: 0.0534215
0 5 9 10 14 p_value: 0.0368079
0 3 4 7 12 p_value: 0.519346
0 3 6 11 14 p_value: 0.155919
0 2 3 4 10 p_value: 0.166555
0 1 2 4 9 p_value: 0.386509
0 1 2 7 11 p_value: 0.179233
0 2 5 11 13 p_value: 0.00202314
0 8 10 13 14 p_value: 0.443886
0 2 4 6 8 p_value: 0.338792
0 1 2 5 11 p_value: 9.23369e-005
0 1 6 7 12 p_value: 0.00324756
0 1 9 10 13 p_value: 0.122235
0 7 10 12 14 p_value: 0.050457
0 4 8 9 12 p_value: 0.0065856
0 2 4 6 8 p_value: 0.00493251
0 2 6 8 14 p_value: 0.00226453
0 4 8 10 p_value: 0.00648113
0 5 9 10 14 p_value: 0.0997075
0 9 11 12 13 p_value: 0.00378327
0 7 10 14 p_value: 0.00256256
0 2 4 6 8 p_value: 0.365024
0 2 6 10 p_value: 0.772627
0 7 8 11 12 p_value: 0.0397807
0 7 10 14 p_value: 0.0783016
0 5 7 12 14 p_value: 0.000772998
0 1 3 5 10 p_value: 0.00508225
0 5 6 11 12 p_value: 0.0161687
0 1 6 7 12 p_value: 0.0692258
0 1 3 8 14 p_value: 0.00647429
0 2 6 8 11 p_value: 0.0214346
0 1 5 7 12 p_value: 0.32658
0 2 5 7 11 p_value: 0.0913781
0 5 6 8 14 p_value: 0.0419051
0 5 7 12 14 p_value: 0.308276
0 2 9 10 12 p_value: 0.0228513
0 2 10 11 14 p_value: 0.0376591
0 8 14 p_value: 0.963348
0 6 10 12 p_value: 0.455382
0 2 10 12 14 p_value: 0.0898868
0 7 12 p_value: 0.238464
0 1 3 10 p_value: 0.0104605
0 2 5 7 p_value: 0.340816
0 1 2 3 14 p_value: 0.0536217
0 5 12 14 p_value: 0.0575693
0 2 3 4 13 p_value: 0.257624
0 5 9 10 14 p_value: 0.0104868
0 4 9 14 p_value: 0.00037554
0 2 11 13 p_value: 0.0420395
0 2 4 8 9 p_value: 0.0260759
0 2 5 6 10 p_value: 0.0938163
0 5 10 p_value: 0.434127
0 3 5 11 12 p_value: 0.0278805
0 1 4 12 14 p_value: 0.00142252
0 4 8 12 p_value: 0.125554
0 4 7 11 p_value: 0.575988
0 8 9 11 12 p_value: 0.0443819
0 1 12 13 p_value: 0.106683
0 3 4 6 10 p_value: 0.369045
0 5 9 13 14 p_value: 0.002957
0 1 11 13 14 p_value: 0.0445727
0 1 3 10 12 p_value: 0.126465
0 1 2 3 13 p_value: 0.00785755
0 1 2 10 11 p_value: 0.0199744
0 2 8 9 p_value: 0.00506249
0 2 3 5 8 p_value: 0.00671727

Dn = 0.24779
Tab. hod = 0.043
Mean = 0.12329
Var = 0.033
Hypoteza se zamita