0 2 3 5 6 7 p_value: 0.278031
0 2 3 4 6 8 p_value: 0.0455592
0 3 4 8 9 p_value: 0.0564493
0 1 2 3 4 5 6 7 8 9 p_value: 1.71903e-043
0 1 2 3 4 5 6 7 8 p_value: 9.00822e-018
0 1 6 p_value: 0.0307179
0 1 3 4 5 6 8 p_value: 5.32039e-007
0 1 2 3 4 6 8 p_value: 3.31855e-005
0 2 5 8 9 p_value: 0.0260806
0 2 3 4 5 7 p_value: 0.323041
0 6 p_value: 0.239794
0 2 4 6 8 p_value: 1.45134e-006
0 1 2 4 5 8 9 p_value: 0.00469959
0 6 7 8 p_value: 0.000774536
0 1 2 3 4 5 7 8 p_value: 5.03022e-010
0 2 6 7 9 p_value: 0.207099
0 4 5 8 9 p_value: 0.0159866
0 3 4 6 7 p_value: 0.78273
0 2 6 p_value: 0.206622
0 4 6 8 p_value: 0.234694
0 2 6 8 p_value: 0.0420802
0 4 5 8 p_value: 0.0644972
0 1 4 5 6 9 p_value: 0.0313597
0 1 3 p_value: 0.170899
0 4 5 6 8 9 p_value: 3.36214e-006
0 1 2 3 4 5 6 7 8 p_value: 2.99e-017
0 2 8 p_value: 0.00915096
0 1 6 7 9 p_value: 0.0121894
0 1 2 3 5 6 8 p_value: 7.64171e-005
0 3 9 p_value: 0.181584
0 6 p_value: 0.0566416
0 5 7 p_value: 0.0298684
0 2 3 4 5 6 7 9 p_value: 7.81444e-011
0 1 3 5 6 7 8 p_value: 2.08056e-008
0 1 2 3 4 5 7 8 9 p_value: 1.08674e-022
0 1 2 3 4 p_value: 0.0477275
0 5 7 8 p_value: 0.000322216
0 4 5 9 p_value: 0.0271899
0 3 6 8 9 p_value: 0.152073
0 1 2 3 4 5 p_value: 0.263278
0 2 3 4 5 7 9 p_value: 1.23641e-006
0 2 6 7 8 9 p_value: 0.0129715
0 1 3 5 p_value: 0.374986
0 5 6 p_value: 0.614968
0 2 3 5 8 p_value: 0.00524108
0 1 9 p_value: 0.296053
0 3 4 5 6 8 9 p_value: 0.00232068
0 2 4 6 8 p_value: 0.0429629
0 3 9 p_value: 0.380515
0 2 3 4 5 6 7 9 p_value: 1.14332e-010
0 1 2 3 4 5 6 7 8 p_value: 6.95381e-016
0 1 2 3 7 8 9 p_value: 6.3982e-006
0 2 7 9 p_value: 0.00965842
0 3 5 7 8 9 p_value: 0.000313622
0 2 3 4 5 6 p_value: 0.0630182
0 4 5 8 p_value: 0.0488252
0 1 2 4 5 6 9 p_value: 5.44282e-006
0 1 2 3 7 8 p_value: 0.000352664
0 3 6 7 8 p_value: 1.56909e-006
0 2 9 p_value: 0.0422844
0 1 2 4 7 8 9 p_value: 0.00440412
0 5 7 p_value: 0.0696803
0 1 2 3 4 7 9 p_value: 0.000104628
0 2 3 4 5 6 7 8 p_value: 2.10763e-010
0 1 2 3 4 5 6 8 9 p_value: 2.2247e-020
0 2 3 6 8 9 p_value: 0.0858453
0 2 3 4 5 6 7 p_value: 6.28144e-005
0 3 5 6 8 9 p_value: 0.000116304
0 1 3 4 6 7 9 p_value: 0.000104035
0 4 8 p_value: 0.406706
0 1 3 4 6 p_value: 0.204829
0 1 6 8 9 p_value: 0.00513081
0 1 2 9 p_value: 0.0361902
0 3 4 5 7 8 9 p_value: 5.14619e-007
0 2 3 4 7 9 p_value: 0.0320259
0 2 8 9 p_value: 0.0844554
0 1 2 3 5 8 p_value: 0.0145763
0 1 2 6 7 8 p_value: 0.00726789
0 4 8 p_value: 0.0226078
0 1 4 5 8 9 p_value: 1.23579e-005
0 1 4 5 8 p_value: 0.136067
0 3 4 5 7 9 p_value: 0.00275584
0 2 4 5 6 7 9 p_value: 1.06382e-007
0 1 2 3 4 9 p_value: 0.104501
0 1 4 5 7 9 p_value: 0.000526095
0 5 6 8 9 p_value: 0.11751
0 3 6 9 p_value: 0.154817
0 1 2 4 6 8 p_value: 0.0152571
0 1 2 6 7 8 9 p_value: 4.04673e-006
0 3 4 7 9 p_value: 0.0426858
0 1 5 8 p_value: 0.00885099
0 2 4 5 8 p_value: 0.00177347
0 2 3 4 5 6 8 9 p_value: 1.1087e-012
0 2 8 p_value: 0.00745698
0 1 3 6 9 p_value: 0.00233387
0 3 5 7 8 p_value: 0.045682
0 3 6 9 p_value: 0.0510157
0 2 3 4 5 6 7 p_value: 6.03595e-006
0 1 2 8 p_value: 0.000401353
0 2 3 5 7 9 p_value: 0.000451799
0 1 2 4 6 7 9 p_value: 1.38268e-006
0 2 4 6 7 8 9 p_value: 8.19537e-009
0 3 6 9 p_value: 0.996344
0 1 2 3 4 5 6 7 8 9 p_value: 4.4497e-039
0 1 2 3 4 5 p_value: 0.014146
0 8 9 p_value: 0.946015
0 1 4 5 9 p_value: 0.0642656
0 3 7 p_value: 0.169571
0 2 7 p_value: 0.277941
0 1 7 p_value: 0.366415
0 1 4 5 9 p_value: 0.470343
0 4 6 p_value: 0.543845
0 1 2 7 9 p_value: 0.0471407
0 3 4 6 7 p_value: 0.261403
0 8 9 p_value: 0.287059
0 3 8 9 p_value: 0.150221
0 4 5 6 8 9 p_value: 0.00101572
0 1 5 6 7 8 p_value: 0.847205
0 1 2 3 4 9 p_value: 4.18545e-007
0 1 2 3 5 6 8 p_value: 3.26643e-006
0 1 2 7 8 p_value: 0.000280715
0 1 2 3 5 7 8 p_value: 3.42716e-010
0 1 2 3 4 6 7 8 9 p_value: 1.99363e-020
0 2 3 4 5 6 7 p_value: 2.0623e-008
0 2 5 6 7 9 p_value: 0.0370551
0 2 4 6 8 p_value: 2.93238e-008
0 2 4 5 6 7 9 p_value: 1.18534e-005
0 2 3 4 5 6 8 p_value: 1.5747e-005
0 1 3 5 6 7 8 p_value: 1.47645e-007
0 3 4 5 6 p_value: 0.158428
0 3 8 9 p_value: 0.345989
0 2 3 5 6 7 p_value: 2.10498e-005
0 2 4 5 7 8 p_value: 0.128507
0 1 2 3 4 5 6 7 8 9 p_value: 6.89671e-045
0 2 3 4 5 6 7 p_value: 0.00633748
0 4 p_value: 0.300893
0 1 4 5 8 9 p_value: 0.000678185
0 1 2 3 4 5 6 7 8 9 p_value: 4.28401e-049
0 1 2 4 5 6 7 p_value: 0.0916353
0 2 8 9 p_value: 0.13898
0 1 2 3 4 5 6 p_value: 0.000368323
0 5 8 9 p_value: 0.227351
0 1 2 3 4 5 6 7 p_value: 2.74307e-009
0 2 3 5 8 p_value: 0.0303801
0 3 6 p_value: 0.836612
0 2 3 7 p_value: 0.00156709
0 1 3 5 6 7 p_value: 0.0404673
0 6 7 8 p_value: 0.00134579
0 1 2 3 4 5 p_value: 0.0108321
0 3 5 7 9 p_value: 0.0665892
0 1 5 7 p_value: 0.461142
0 1 2 3 4 5 8 p_value: 0.00165186
0 1 2 6 8 p_value: 0.388034
0 1 5 8 p_value: 0.591968
0 1 2 6 8 p_value: 0.0112454
0 4 5 8 p_value: 0.0667535
0 4 9 p_value: 0.0557026
0 1 3 8 9 p_value: 0.00988295
0 2 5 8 9 p_value: 4.27171e-005
0 1 2 3 4 5 6 7 8 p_value: 1.17723e-020
0 2 8 p_value: 0.00230858
0 1 6 7 9 p_value: 0.00376367
0 1 2 3 4 5 6 7 8 9 p_value: 2.68378e-034
0 5 6 8 9 p_value: 0.00895057
0 1 2 3 5 7 8 p_value: 1.25707e-005
0 1 4 6 8 p_value: 0.0211392
0 2 4 6 8 9 p_value: 0.00020668
0 4 5 8 9 p_value: 0.0137367
0 1 2 3 4 7 8 9 p_value: 3.0184e-012
0 3 4 5 6 7 8 p_value: 0.000238573
0 7 p_value: 0.126681
0 1 5 9 p_value: 0.471417
0 3 4 6 8 9 p_value: 0.0014741
0 3 4 5 9 p_value: 0.0426267
0 2 3 4 5 7 9 p_value: 0.00269377
0 2 6 7 8 9 p_value: 0.0226845
0 1 2 3 4 5 6 7 8 p_value: 6.25411e-015
0 2 3 4 6 p_value: 0.442943
0 1 3 6 7 p_value: 0.00236076
0 6 7 p_value: 0.513225
0 2 3 5 6 8 p_value: 0.154317
0 1 2 4 6 8 p_value: 0.00572383
0 2 5 8 p_value: 0.556803
0 1 2 5 6 7 8 p_value: 2.85303e-007
0 1 2 3 4 5 6 7 8 9 p_value: 2.99385e-034
0 1 2 4 5 7 8 p_value: 0.000321981
0 2 6 8 9 p_value: 0.14704
0 1 2 5 7 8 9 p_value: 2.23565e-007
0 3 4 7 8 p_value: 0.128084
0 2 4 p_value: 0.179961
0 1 4 5 8 9 p_value: 0.0223225
0 1 2 3 5 6 7 8 9 p_value: 1.89915e-011
0 3 5 p_value: 5.92035e-006
0 2 5 6 7 8 p_value: 5.55903e-005
0 1 2 5 6 8 p_value: 0.0549025
0 5 7 8 9 p_value: 0.24641
0 2 6 8 p_value: 0.195563
0 3 4 5 6 7 8 9 p_value: 1.38893e-006
0 1 3 4 6 7 p_value: 1.03593e-006
0 1 2 3 5 7 8 p_value: 5.75224e-008
0 3 5 7 p_value: 0.258741
0 4 5 9 p_value: 0.273694
0 2 4 p_value: 0.00847915
0 1 2 4 5 9 p_value: 0.000291016
0 1 3 6 p_value: 0.160023
0 9 p_value: 0.0440246
0 9 p_value: 0.665022
0 1 3 4 5 8 p_value: 0.000180151
0 2 4 6 8 p_value: 9.2418e-005
0 2 4 6 8 p_value: 6.73007e-006
0 1 2 3 5 8 p_value: 0.267918
0 9 p_value: 0.771038
0 1 2 3 4 5 8 p_value: 7.41508e-005
0 4 5 9 p_value: 0.141207
0 3 4 7 9 p_value: 0.736525
0 2 4 6 8 p_value: 0.209016
0 1 2 3 4 9 p_value: 7.22683e-006
0 1 2 3 4 6 9 p_value: 0.000847325
0 1 3 5 8 9 p_value: 0.00103972
0 3 4 6 7 p_value: 0.606378
0 2 4 6 8 p_value: 1.47636e-005
0 1 2 4 6 8 p_value: 0.0781523
0 1 2 3 4 6 7 8 9 p_value: 7.07343e-020
0 1 3 6 p_value: 0.0261723
0 1 2 5 8 p_value: 0.0256734
0 1 3 5 p_value: 0.0263586
0 1 2 3 4 5 6 7 8 p_value: 7.22044e-024
0 1 2 3 8 9 p_value: 9.66308e-007
0 3 6 9 p_value: 0.107749
0 2 3 5 7 p_value: 3.21243e-006
0 3 6 7 9 p_value: 3.27645e-006
0 1 2 3 4 5 p_value: 0.00425632
0 7 p_value: 0.109545
0 2 4 6 8 p_value: 0.300037
0 1 2 4 6 7 9 p_value: 0.00239167
0 1 3 4 p_value: 0.0360017
0 1 2 5 6 p_value: 0.0634428
0 2 3 4 7 9 p_value: 0.0109931
0 1 3 8 p_value: 0.0626978
0 8 9 p_value: 0.549155
0 7 p_value: 0.151265
0 1 4 5 8 9 p_value: 0.00398704
0 2 8 p_value: 0.153348
0 6 9 p_value: 0.539185
0 1 5 9 p_value: 0.561294
0 1 2 3 4 5 6 7 8 9 p_value: 3.51563e-042
0 3 7 9 p_value: 0.0501241
0 3 4 6 7 p_value: 0.206544
0 3 6 9 p_value: 0.0925657
0 2 3 4 6 8 p_value: 0.00796403
0 3 4 6 7 p_value: 0.617644
0 1 2 3 4 5 p_value: 0.0937066
0 9 p_value: 0.435457
0 1 3 6 7 9 p_value: 1.99115e-005
0 1 2 6 7 8 p_value: 0.000804842
0 1 2 3 4 6 7 8 9 p_value: 3.7377e-020
0 2 3 5 8 p_value: 0.320207
0 1 2 3 4 p_value: 0.0292735
0 2 5 6 7 9 p_value: 0.168642
0 4 6 8 9 p_value: 2.94919e-006
0 2 4 6 8 p_value: 0.000179765
0 2 4 5 6 7 8 9 p_value: 2.55751e-010
0 1 6 9 p_value: 0.0325595
0 5 8 p_value: 0.0410875
0 3 8 9 p_value: 0.396558
0 3 5 p_value: 0.651796
0 4 8 p_value: 0.938664
0 7 p_value: 0.972028
0 1 3 5 8 p_value: 0.15633
0 2 4 7 p_value: 0.606316
0 2 3 6 9 p_value: 0.106817
0 1 2 3 4 5 6 7 8 9 p_value: 1.64398e-048
0 1 3 4 5 6 p_value: 0.0113067
0 2 3 5 6 8 9 p_value: 0.0020781
0 1 2 3 4 5 6 p_value: 5.18696e-007
0 2 5 8 9 p_value: 2.83654e-006
0 2 8 9 p_value: 0.00581247
0 2 3 5 8 p_value: 0.0204705
0 1 4 7 p_value: 0.683567
0 2 4 5 9 p_value: 0.00337053
0 1 3 6 7 p_value: 0.00383538
0 2 3 5 6 9 p_value: 0.000572006
0 1 2 3 4 7 p_value: 0.00193814
0 3 5 7 9 p_value: 0.0103946
0 2 6 8 9 p_value: 0.000703612
0 1 5 8 p_value: 0.0713668
0 2 3 5 6 7 9 p_value: 0.000305485
0 2 4 7 8 9 p_value: 0.0161386
0 1 2 3 5 7 8 9 p_value: 8.53355e-009
0 2 4 5 6 7 9 p_value: 0.00899319
0 9 p_value: 0.274712
0 1 3 9 p_value: 0.096415
0 2 8 9 p_value: 0.00428023
0 1 2 3 4 5 6 7 8 p_value: 2.20103e-025
0 2 5 7 8 9 p_value: 2.80636e-005
0 2 4 5 6 7 8 9 p_value: 4.41586e-007
0 3 4 5 6 7 8 9 p_value: 9.7891e-010
0 2 4 6 7 8 p_value: 0.000124383
0 1 2 3 5 6 8 9 p_value: 9.38299e-006
0 5 6 7 p_value: 0.0541431
0 2 4 5 6 8 9 p_value: 2.11617e-005
0 4 5 8 9 p_value: 0.000324082
0 3 5 7 8 p_value: 0.080087
0 1 2 3 p_value: 0.940733
0 4 5 7 8 p_value: 0.0672824
0 1 4 5 8 9 p_value: 0.134909
0 7 9 p_value: 0.0439391
0 3 4 5 9 p_value: 0.0355296
0 2 4 6 p_value: 0.00392041
0 2 4 6 8 p_value: 0.000271926
0 1 2 3 4 5 7 p_value: 0.00611992
0 3 4 5 6 8 p_value: 0.387826
0 1 3 6 7 p_value: 0.000236458
0 1 3 9 p_value: 0.00104021
0 3 4 5 6 7 8 9 p_value: 9.71926e-006
0 6 7 8 9 p_value: 0.408568
0 2 4 6 8 p_value: 0.0487435
0 1 2 3 4 5 6 7 8 9 p_value: 4.43367e-045
0 1 2 3 4 6 7 8 9 p_value: 7.28373e-021
0 1 2 3 7 9 p_value: 2.06065e-005
0 1 7 8 p_value: 0.0938552
0 1 2 3 5 6 p_value: 0.0167207
0 1 2 3 5 7 9 p_value: 0.000525913
0 2 4 8 p_value: 0.0154819
0 2 4 5 8 9 p_value: 0.00449029
0 1 2 4 5 6 7 8 9 p_value: 8.79577e-015
0 1 4 5 9 p_value: 2.63729e-006
0 1 2 3 4 5 6 7 8 p_value: 2.06432e-020
0 1 2 4 5 6 7 8 p_value: 2.76871e-008
0 2 4 8 9 p_value: 0.145667
0 5 p_value: 0.695856
0 1 2 3 4 5 6 7 8 9 p_value: 1.63374e-033
0 1 3 4 6 7 p_value: 5.4388e-007
0 1 2 3 5 6 9 p_value: 9.41287e-007
0 2 4 7 9 p_value: 0.0184
0 1 2 3 4 5 6 7 8 9 p_value: 8.53574e-037
0 2 3 4 5 6 7 8 9 p_value: 2.98199e-028
0 1 2 3 4 5 6 7 p_value: 2.53526e-007
0 4 5 8 p_value: 0.242942
0 1 2 3 6 8 p_value: 0.126041
0 1 9 p_value: 0.7043
0 1 3 4 7 8 p_value: 0.000101167
0 2 4 6 p_value: 0.0170226
0 1 2 3 4 5 p_value: 0.139531
0 6 p_value: 0.704193
0 1 4 5 6 7 8 9 p_value: 3.01285e-005
0 2 4 5 8 p_value: 0.00173833
0 9 p_value: 0.351311
0 3 4 6 7 9 p_value: 0.000963759
0 2 4 6 8 p_value: 0.221171
0 1 2 8 p_value: 0.648802
0 1 2 4 5 6 7 9 p_value: 1.42578e-010
0 1 4 5 7 9 p_value: 0.0150557
0 1 2 3 4 5 6 7 8 9 p_value: 5.2611e-048
0 2 5 7 9 p_value: 0.000632654
0 1 2 4 6 8 p_value: 0.00146758
0 1 2 3 5 8 9 p_value: 1.76197e-007
0 1 3 4 6 9 p_value: 0.000219047
0 3 4 9 p_value: 0.204115
0 2 4 7 9 p_value: 0.161215
0 1 2 3 4 5 6 7 8 9 p_value: 1.5108e-044
0 2 4 6 8 p_value: 0.0294848
0 1 4 5 7 9 p_value: 0.0292087
0 1 2 3 5 6 9 p_value: 6.75543e-006
0 2 5 6 7 8 p_value: 7.52569e-005
0 1 2 3 4 p_value: 0.0016168
0 1 2 3 5 8 p_value: 3.0741e-007
0 2 4 6 8 p_value: 0.424492
0 1 2 3 6 9 p_value: 0.0486403
0 2 6 7 p_value: 0.0340963
0 1 2 5 6 p_value: 0.0346159
0 3 7 9 p_value: 0.0526276
0 1 2 3 5 8 p_value: 0.000243438
0 1 4 6 7 8 9 p_value: 0.00760788
0 1 6 p_value: 0.257681
0 5 9 p_value: 0.728918
0 2 5 8 p_value: 0.116559
0 1 2 3 4 5 6 7 p_value: 3.87888e-008
0 2 5 7 p_value: 0.0558712
0 3 6 9 p_value: 0.366798
0 1 2 3 4 5 6 7 8 9 p_value: 7.95525e-037
0 3 4 6 p_value: 0.0217264
0 2 3 4 5 6 8 p_value: 0.0028848
0 3 6 9 p_value: 0.832125
0 4 5 6 8 9 p_value: 0.00688596
0 1 2 3 4 5 6 7 p_value: 2.70029e-007
0 1 3 4 6 7 9 p_value: 9.95158e-007
0 2 4 5 6 7 8 p_value: 1.4677e-008
0 3 4 8 9 p_value: 0.312776
0 1 2 5 6 7 9 p_value: 0.000788537
0 1 2 3 5 8 p_value: 0.0242422
0 1 2 3 4 5 6 7 8 p_value: 4.27073e-019
0 2 4 5 6 8 9 p_value: 8.68927e-006
0 4 8 9 p_value: 0.00158392
0 2 4 6 8 p_value: 0.00249295
0 2 3 4 6 7 8 9 p_value: 5.05651e-011
0 1 6 7 p_value: 0.0489096
0 5 8 p_value: 0.0714099
0 3 8 p_value: 0.860472
0 3 5 6 9 p_value: 0.176507
0 4 5 6 9 p_value: 0.167406
0 2 7 9 p_value: 0.214188
0 1 3 4 6 8 p_value: 0.0611685
0 1 2 3 6 7 p_value: 0.000130143
0 3 5 6 9 p_value: 0.433277
0 8 p_value: 0.410996
0 9 p_value: 0.662972
0 2 3 5 6 8 9 p_value: 0.0128533
0 1 2 3 4 p_value: 0.000192856
0 1 4 5 6 7 8 p_value: 4.03378e-006
0 1 2 3 8 9 p_value: 0.00167214
0 2 3 4 6 7 9 p_value: 8.61943e-010
0 3 6 9 p_value: 0.373221
0 2 3 7 p_value: 0.0157654
0 3 5 6 9 p_value: 0.00136825
0 2 3 4 7 8 p_value: 0.00300361
0 1 2 4 5 6 7 8 9 p_value: 1.45609e-021
0 3 5 7 9 p_value: 0.0184885
0 2 3 5 6 7 9 p_value: 2.14169e-005
0 1 2 3 4 5 6 8 p_value: 1.59379e-013
0 1 2 3 5 8 9 p_value: 8.40079e-007
0 2 5 6 7 8 p_value: 0.000959178
0 1 2 3 5 7 8 9 p_value: 2.28363e-009
0 1 3 7 9 p_value: 0.00355123
0 1 5 6 9 p_value: 0.0152459
0 1 2 3 4 5 9 p_value: 0.0359931
0 7 p_value: 0.947616
0 1 2 3 4 5 6 7 p_value: 3.6124e-019
0 2 3 5 9 p_value: 0.0463711
0 1 2 3 4 9 p_value: 0.000254962
0 1 2 3 4 7 8 9 p_value: 5.92129e-011
0 2 4 6 7 8 p_value: 0.00026815
0 3 4 5 6 8 9 p_value: 0.000525284
0 6 p_value: 0.369289
0 3 4 6 7 9 p_value: 0.000167724
0 1 3 4 6 7 8 9 p_value: 6.55979e-011
0 1 3 5 6 7 p_value: 0.000140921
0 2 3 5 7 9 p_value: 0.0123146
0 4 5 7 8 p_value: 0.014587
0 1 2 4 5 6 8 9 p_value: 1.11716e-010
0 6 7 8 9 p_value: 0.00534191
0 1 3 6 9 p_value: 0.0487021
0 1 2 4 9 p_value: 0.0746013
0 1 2 3 4 7 8 9 p_value: 1.54036e-015
0 1 2 3 4 5 6 7 p_value: 1.81878e-005
0 2 4 7 p_value: 0.749189
0 5 6 p_value: 0.114725
0 1 2 3 5 6 8 9 p_value: 9.53542e-018
0 1 2 3 4 5 p_value: 0.00237347
0 1 2 3 7 p_value: 0.165591
0 2 4 5 6 8 9 p_value: 1.04524e-006
0 2 6 7 8 9 p_value: 2.96664e-005
0 1 2 3 4 6 7 8 9 p_value: 2.7795e-015
0 1 4 6 7 p_value: 0.00313903
0 1 4 5 8 p_value: 0.01016
0 3 4 5 8 p_value: 0.00338918
0 1 2 3 5 8 9 p_value: 1.8561e-006
0 2 3 4 5 8 9 p_value: 0.000660576
0 4 8 9 p_value: 0.018072
0 1 5 7 9 p_value: 0.00471362
0 2 5 7 9 p_value: 1.25738e-006
0 1 2 3 4 5 6 7 8 p_value: 2.01482e-026
0 1 2 3 4 5 6 7 8 9 p_value: 4.24977e-048
0 1 2 3 4 5 6 7 8 9 p_value: 3.5337e-036
0 3 5 8 p_value: 0.00549628
0 1 2 3 4 5 6 7 8 9 p_value: 3.28907e-038
0 1 3 4 6 7 p_value: 0.00131235
0 1 2 6 7 9 p_value: 4.58459e-006
0 2 3 5 9 p_value: 0.00100147
0 1 2 3 4 5 6 8 9 p_value: 9.86423e-013
0 3 6 p_value: 0.225224
0 4 5 6 8 9 p_value: 0.00483971
0 4 8 9 p_value: 0.398692
0 1 6 p_value: 0.0479854
0 1 6 7 p_value: 0.153478
0 2 3 4 5 7 9 p_value: 3.09568e-006
0 3 4 7 9 p_value: 0.0126956
0 2 3 4 7 p_value: 0.167149
0 3 6 9 p_value: 0.168546
0 3 4 5 9 p_value: 2.31636e-005
0 1 2 6 7 p_value: 0.0312435
0 9 p_value: 0.513987
0 3 4 6 7 9 p_value: 0.00705263
0 2 4 6 8 p_value: 0.119785
0 4 5 9 p_value: 0.0176649
0 2 4 5 6 7 9 p_value: 3.31478e-006
0 1 4 5 7 9 p_value: 0.103017
0 1 2 3 4 5 6 7 8 9 p_value: 1.30126e-039
0 1 2 3 4 5 8 9 p_value: 9.9212e-006
0 4 6 p_value: 0.0558302
0 1 2 4 5 6 8 9 p_value: 6.64439e-007
0 1 2 7 8 9 p_value: 0.00775658
0 1 2 3 4 7 9 p_value: 1.38125e-006
0 1 4 5 8 9 p_value: 0.00961937
0 4 8 p_value: 0.387043
0 2 4 6 p_value: 0.0338666
0 1 2 3 8 9 p_value: 0.000613941
0 1 2 7 8 p_value: 0.0122857
0 5 7 8 p_value: 0.0873427
0 2 4 6 9 p_value: 0.318875
0 1 3 5 8 9 p_value: 0.0012095
0 4 8 p_value: 0.329522
0 1 2 7 9 p_value: 0.0353112
0 1 2 7 8 p_value: 0.00145217
0 4 5 8 p_value: 0.131384
0 1 3 6 7 9 p_value: 0.00791522
0 1 2 5 8 9 p_value: 4.46763e-006
0 2 4 5 7 8 9 p_value: 1.02699e-005
0 1 2 3 6 8 p_value: 0.00764316
0 5 9 p_value: 0.438216
0 3 7 p_value: 0.329302
0 2 6 7 p_value: 0.000214983
0 2 3 5 6 8 p_value: 1.18113e-005
0 1 4 5 7 9 p_value: 0.00438751
0 1 2 3 4 5 6 7 8 9 p_value: 1.21433e-032
0 1 8 9 p_value: 0.181565
0 1 3 4 9 p_value: 0.517535
0 1 2 3 p_value: 0.776309
0 3 4 6 7 p_value: 0.0800013
0 1 2 3 4 5 p_value: 0.0291322
0 1 5 7 8 p_value: 0.0557598
0 2 3 4 5 6 7 p_value: 0.00258945
0 3 4 8 9 p_value: 0.0283195
0 2 4 6 7 8 p_value: 0.0014706
0 2 4 5 6 7 9 p_value: 0.00013674
0 1 2 3 4 5 6 7 8 p_value: 1.49374e-013
0 2 5 6 9 p_value: 0.00563345
0 1 2 3 4 p_value: 0.000606516
0 2 4 6 8 p_value: 0.00111941
0 1 2 3 4 5 p_value: 0.0209362
0 1 6 7 p_value: 0.672888
0 2 4 6 p_value: 0.00421309
0 3 5 6 8 p_value: 0.175605
0 2 3 4 6 9 p_value: 0.00183474
0 1 3 4 5 6 9 p_value: 1.01422e-007
0 2 3 4 5 8 p_value: 0.0429748
0 1 2 7 9 p_value: 0.17557
0 3 5 6 7 p_value: 0.655375
0 4 8 9 p_value: 0.192394
0 7 p_value: 0.974267
0 1 2 3 5 7 9 p_value: 5.67036e-005
0 1 2 3 4 5 6 7 8 p_value: 6.07419e-018
0 1 2 3 7 8 p_value: 0.179494
0 1 4 5 6 8 p_value: 0.00458065
0 1 2 3 8 9 p_value: 0.0025058
0 2 3 5 9 p_value: 0.117603
0 1 3 4 5 7 8 p_value: 1.66156e-005
0 2 3 7 p_value: 0.000622343
0 1 2 3 4 5 6 7 8 p_value: 1.25309e-019
0 1 2 3 4 6 7 9 p_value: 1.99217e-010
0 4 5 6 7 8 9 p_value: 2.01158e-011
0 1 2 3 4 5 7 p_value: 4.38312e-006
0 3 6 9 p_value: 0.181656
0 4 6 8 p_value: 0.586552
0 3 6 9 p_value: 0.726421
0 2 6 p_value: 0.568347
0 4 6 p_value: 0.659783
0 1 2 8 p_value: 0.0108935
0 4 5 8 p_value: 0.207077
0 6 9 p_value: 0.366107
0 1 2 3 4 p_value: 0.00898928
0 1 3 4 5 7 8 9 p_value: 6.11666e-017
0 1 2 3 4 5 6 7 8 p_value: 1.54358e-021
0 1 2 3 4 5 p_value: 0.00470387
0 1 4 6 7 9 p_value: 0.0213715
0 1 3 6 p_value: 0.0816087
0 3 5 6 8 9 p_value: 0.192021
0 6 p_value: 0.0556833
0 1 4 5 7 p_value: 0.00184357
0 1 3 4 6 7 8 9 p_value: 3.22552e-009
0 1 3 5 7 8 p_value: 2.41244e-005
0 2 3 5 7 9 p_value: 0.00022651
0 5 6 7 8 9 p_value: 0.00201375
0 1 2 3 4 5 6 7 8 p_value: 1.90527e-024
0 1 4 5 7 8 9 p_value: 3.5169e-006
0 3 4 6 9 p_value: 0.0904855
0 1 2 3 4 5 p_value: 0.62993
0 3 7 p_value: 0.0183605
0 2 5 6 7 8 9 p_value: 2.80539e-005
0 1 3 5 8 p_value: 0.0457161
0 3 9 p_value: 0.708076
0 1 2 3 4 5 6 8 9 p_value: 3.46852e-022
0 1 2 9 p_value: 0.0862031
0 5 6 7 8 p_value: 0.522654
0 1 2 3 4 6 7 8 p_value: 2.10793e-007
0 1 2 3 4 6 9 p_value: 2.80101e-006
0 1 2 3 4 5 6 7 8 9 p_value: 3.01602e-040
0 2 3 5 7 8 9 p_value: 3.78618e-006
0 1 7 p_value: 0.277534
0 3 4 8 9 p_value: 0.0248614
0 2 3 5 7 p_value: 0.0801919
0 2 3 4 5 9 p_value: 0.00288285
0 2 4 6 8 p_value: 0.00969597
0 1 2 4 5 6 9 p_value: 1.10221e-007
0 1 2 3 7 8 p_value: 0.000168959
0 1 2 3 4 5 6 7 8 p_value: 4.06445e-023
0 3 6 9 p_value: 0.172974
0 1 2 4 5 6 8 p_value: 0.0026503
0 5 7 p_value: 0.0612456
0 1 2 3 4 5 6 7 8 9 p_value: 2.20475e-042
0 1 3 4 5 6 7 8 9 p_value: 2.55773e-014
0 1 2 6 9 p_value: 0.000686116
0 2 3 5 9 p_value: 0.0269422
0 1 2 3 4 5 7 p_value: 3.76998e-005
0 3 5 6 8 9 p_value: 0.000417393
0 1 3 4 6 7 9 p_value: 0.000615295
0 3 5 7 8 p_value: 0.0823661
0 1 3 4 6 p_value: 0.264413
0 2 9 p_value: 0.0236846
0 2 3 5 6 7 p_value: 0.00445631
0 1 2 3 4 5 6 8 p_value: 6.69855e-008
0 2 3 4 7 9 p_value: 0.00613383
0 2 3 6 8 9 p_value: 0.0509055
0 1 3 4 5 6 7 8 9 p_value: 6.7983e-026
0 1 2 6 7 8 p_value: 0.000704191
0 3 6 9 p_value: 0.00135342
0 1 2 4 5 8 9 p_value: 0.00103179
0 4 7 p_value: 0.427337
0 2 4 6 8 p_value: 0.239015
0 2 4 5 6 7 9 p_value: 4.83493e-006
0 1 4 5 6 p_value: 0.359544
0 1 2 3 4 5 6 7 8 9 p_value: 7.36497e-031
0 5 6 8 9 p_value: 0.0610107
0 3 6 9 p_value: 0.239378
0 1 2 4 5 6 8 9 p_value: 4.16892e-007
0 1 7 8 9 p_value: 0.346782
0 1 3 4 6 9 p_value: 0.0094689
0 1 2 3 4 5 6 7 9 p_value: 8.84116e-013
0 1 7 p_value: 0.320695
0 2 4 6 p_value: 0.0295448
0 1 2 3 8 9 p_value: 0.000150015
0 1 3 4 5 7 9 p_value: 1.23819e-007
0 1 5 6 p_value: 0.169823
0 2 3 4 9 p_value: 0.00286251
0 2 3 4 9 p_value: 0.0547981
0 4 8 p_value: 0.469814
0 2 3 5 7 9 p_value: 0.00106463
0 1 2 4 6 7 9 p_value: 2.16166e-005
0 2 4 6 7 8 9 p_value: 9.33405e-006
0 1 4 5 6 7 p_value: 0.0149796
0 1 2 4 5 7 8 p_value: 2.42844e-015
0 1 2 3 4 5 6 p_value: 0.000105768
0 2 4 7 9 p_value: 0.831282
0 1 3 4 5 7 8 9 p_value: 0.000324547
0 2 8 p_value: 0.0477155
0 2 7 p_value: 0.0222659
0 2 6 8 p_value: 0.0183942
0 5 6 7 9 p_value: 0.850385
0 4 6 p_value: 0.0968767
0 7 9 p_value: 0.413531
0 1 2 3 4 5 p_value: 0.1764
0 1 6 8 9 p_value: 0.141306
0 3 8 9 p_value: 0.270872
0 1 3 4 5 7 8 9 p_value: 8.06228e-007
0 3 5 7 8 p_value: 0.677933
0 4 7 p_value: 0.556001
0 2 4 6 8 9 p_value: 0.00021208
0 1 2 8 p_value: 0.0451573
0 1 2 3 5 6 7 8 9 p_value: 3.16906e-025
0 1 2 3 4 5 6 7 8 9 p_value: 4.15017e-030
0 1 5 p_value: 0.125933
0 2 5 7 9 p_value: 0.0109808
0 1 2 3 5 8 p_value: 4.1841e-007
0 2 4 6 7 8 9 p_value: 4.13595e-008
0 1 2 3 4 5 6 7 8 9 p_value: 1.00644e-030
0 3 5 6 7 p_value: 1.31611e-005
0 1 2 3 4 5 6 p_value: 0.00115803
0 2 4 6 9 p_value: 0.464681
0 5 6 7 p_value: 0.56701
0 2 4 6 8 p_value: 0.293523
0 1 2 3 4 5 6 7 8 9 p_value: 1.0986e-042
0 2 3 5 6 7 p_value: 0.139314
0 1 p_value: 0.132615
0 1 4 5 8 9 p_value: 0.00035562
0 1 2 3 4 5 6 7 8 9 p_value: 1.24489e-050
0 1 2 3 4 5 6 7 8 p_value: 1.28592e-015
0 3 5 6 p_value: 0.000237247
0 1 3 4 5 6 8 p_value: 1.3637e-006
0 5 8 9 p_value: 0.266605
0 2 8 9 p_value: 0.125252
0 2 4 5 6 7 p_value: 0.184504
0 3 6 9 p_value: 0.352625
0 1 2 3 4 6 7 p_value: 8.53307e-019
0 1 3 5 6 7 p_value: 0.00063966
0 6 7 8 p_value: 0.00150326
0 1 3 4 5 7 8 p_value: 1.50319e-005
0 3 6 7 9 p_value: 0.0352737
0 2 3 9 p_value: 0.332547
0 3 4 5 6 7 p_value: 0.00333609
0 1 2 6 p_value: 0.188064
0 3 6 7 p_value: 0.608984
0 1 2 6 8 p_value: 0.00117995
0 2 5 6 8 9 p_value: 9.36345e-005
0 1 4 5 6 9 p_value: 0.0073493
0 1 2 3 8 9 p_value: 0.000724079
0 2 5 8 9 p_value: 0.000207693
0 1 2 3 4 5 6 7 8 p_value: 3.43872e-016
0 2 8 p_value: 0.00181953
0 1 6 9 p_value: 0.0689554
0 1 3 6 9 p_value: 0.0122123
0 5 6 8 9 p_value: 0.0812576
0 6 8 p_value: 0.0497148
0 5 7 p_value: 0.226562
0 1 3 4 5 6 7 9 p_value: 1.23417e-008
0 4 5 8 9 p_value: 0.00297394
0 1 2 3 4 5 7 8 9 p_value: 1.43364e-020
0 5 6 7 8 9 p_value: 0.0212021
0 1 4 5 7 8 p_value: 0.000409182
0 4 5 9 p_value: 0.0462507
0 3 6 8 9 p_value: 0.0709594
0 1 2 3 4 5 p_value: 0.0669481
0 1 3 7 p_value: 0.0228248
0 2 6 7 8 9 p_value: 0.0176418
0 1 3 4 5 7 p_value: 0.0250511
0 5 6 p_value: 0.34732
0 2 3 5 8 p_value: 0.0148949
0 1 9 p_value: 0.129738
0 3 4 5 6 8 9 p_value: 0.0187683
0 1 3 5 7 9 p_value: 0.000953018
0 2 5 8 p_value: 0.82085
0 2 3 4 6 7 8 9 p_value: 9.10161e-014
0 1 2 3 4 5 6 7 8 9 p_value: 2.64457e-037
0 1 2 4 8 9 p_value: 0.0614655
0 2 7 9 p_value: 0.0759671
0 3 5 7 8 9 p_value: 3.27867e-006
0 2 3 4 5 6 p_value: 0.0109231
0 3 4 5 8 p_value: 0.0010726
0 1 2 4 5 6 9 p_value: 0.000195576
0 1 2 3 4 5 6 7 8 p_value: 4.51563e-016
0 4 5 6 7 p_value: 6.05358e-007
0 1 2 5 6 7 8 9 p_value: 3.37925e-010
0 1 2 4 7 8 9 p_value: 0.00176088
0 8 p_value: 0.544902
0 1 2 3 4 7 9 p_value: 0.00030638
0 3 4 5 6 7 8 9 p_value: 7.63995e-008
0 1 2 3 4 5 6 7 8 p_value: 1.5355e-029
0 2 3 5 6 9 p_value: 0.00349076
0 3 6 7 8 9 p_value: 5.93395e-005
0 4 5 9 p_value: 0.0717244
0 1 3 4 6 7 9 p_value: 3.17715e-005
0 2 4 6 8 p_value: 0.764783
0 1 3 4 5 6 7 p_value: 0.0043904
0 1 2 7 9 p_value: 0.00968712
0 1 2 3 9 p_value: 0.113089
0 3 4 5 7 8 9 p_value: 4.47681e-006
0 2 7 9 p_value: 0.367061
0 1 7 p_value: 0.0390463
0 1 2 3 5 8 p_value: 0.00495753
0 1 5 7 8 9 p_value: 0.0901605
0 4 8 p_value: 0.0266015
0 1 4 5 8 9 p_value: 0.000837944
0 3 4 7 9 p_value: 0.0480847
0 1 3 4 5 7 9 p_value: 9.27874e-006
0 1 2 4 5 6 7 9 p_value: 6.08907e-013
0 1 2 4 9 p_value: 0.732999
0 1 7 p_value: 0.417539
0 4 5 8 9 p_value: 0.223725
0 2 4 6 8 p_value: 0.00414231
0 1 2 4 6 8 p_value: 0.180198
0 2 6 8 9 p_value: 0.0663428
0 1 2 3 4 7 9 p_value: 4.58305e-008
0 2 3 4 5 9 p_value: 0.00682502
0 2 4 5 8 p_value: 0.043828
0 2 3 4 5 6 8 9 p_value: 2.46354e-015
0 1 2 3 8 9 p_value: 8.24845e-005
0 3 6 9 p_value: 0.118922
0 3 5 7 8 p_value: 0.00985595
0 3 4 6 9 p_value: 0.00407388
0 2 3 4 5 6 7 p_value: 6.26037e-005
0 7 p_value: 0.00814821
0 2 4 6 7 9 p_value: 0.000640069
0 1 2 4 6 9 p_value: 0.000399879
0 2 3 4 5 6 7 p_value: 3.86375e-006
0 3 6 9 p_value: 0.876939
0 2 5 7 p_value: 0.0152658
0 1 2 3 4 5 6 8 p_value: 8.50114e-010
0 8 9 p_value: 0.898311
0 1 2 6 7 p_value: 0.0347087
0 1 2 8 9 p_value: 0.00660056
0 2 8 p_value: 0.0209036
0 1 7 p_value: 0.563941
0 1 5 9 p_value: 0.527148
0 4 6 p_value: 0.214014
0 7 9 p_value: 0.178823
0 3 4 6 7 9 p_value: 0.6067
0 8 9 p_value: 0.300297
0 3 8 9 p_value: 0.476851
0 2 5 6 8 9 p_value: 0.202874
0 1 4 5 6 8 p_value: 0.633349
0 9 p_value: 0.632895
0 1 2 3 5 6 8 p_value: 4.2229e-005
0 1 2 7 8 p_value: 3.19487e-005
0 1 2 3 4 6 7 8 9 p_value: 2.57778e-030
0 1 2 3 5 6 8 p_value: 0.000616777
0 1 2 3 4 p_value: 0.0116639
0 2 5 7 9 p_value: 0.249777
0 1 2 3 4 5 p_value: 0.000100171
0 2 4 6 8 p_value: 4.10312e-006
0 2 4 5 6 8 p_value: 0.0484693
0 8 p_value: 0.426889
0 2 4 7 9 p_value: 0.0223278
0 3 8 9 p_value: 0.60867
0 3 5 p_value: 0.51645
0 4 8 p_value: 0.857756
0 2 9 p_value: 0.551977
0 1 3 4 5 6 8 p_value: 0.0412128
0 2 4 p_value: 0.382259
0 3 6 9 p_value: 0.00607111
0 1 2 3 4 5 6 7 8 9 p_value: 7.9117e-049
0 1 2 3 4 5 6 7 p_value: 9.13555e-008
0 3 6 9 p_value: 0.000151389
0 1 2 3 4 5 6 p_value: 3.26112e-007
0 1 4 5 6 8 9 p_value: 0.00371353
0 2 3 4 5 6 7 8 9 p_value: 1.24456e-021
0 2 3 5 8 p_value: 0.114327
0 1 2 4 9 p_value: 0.164568
0 2 3 7 p_value: 0.0198393
0 1 3 6 7 p_value: 0.0214596
0 2 4 7 p_value: 0.0279505
0 1 2 3 4 5 p_value: 0.000648076
0 3 5 6 7 9 p_value: 5.12362e-005
0 2 3 6 9 p_value: 0.013895
0 1 2 3 4 5 8 p_value: 0.0170101
0 1 8 9 p_value: 0.475243
0 1 5 8 p_value: 0.736654
0 1 2 6 8 p_value: 0.0199243
0 4 5 8 p_value: 0.128311
0 1 4 5 9 p_value: 0.00133748
0 1 3 9 p_value: 0.0555437
0 2 5 8 9 p_value: 0.00033342
0 1 2 3 4 5 6 7 8 p_value: 3.95794e-022
0 1 2 3 5 7 9 p_value: 1.598e-007
0 1 6 7 9 p_value: 0.00307578
0 1 2 5 7 8 p_value: 3.56234e-005
0 2 4 5 6 p_value: 0.000494142
0 6 9 p_value: 0.0912637
0 6 p_value: 0.352354
0 2 4 6 8 p_value: 0.0284626
0 4 5 8 9 p_value: 0.00600623
0 3 7 8 p_value: 0.236193
0 2 3 4 5 6 7 p_value: 0.0044201
0 3 4 6 7 p_value: 0.0480644
0 1 5 9 p_value: 0.500969
0 1 5 6 p_value: 0.0280147
0 3 4 9 p_value: 0.0877963
0 2 4 6 8 p_value: 0.000915864
0 2 4 6 8 p_value: 0.00032532
0 1 2 3 4 5 6 7 p_value: 1.20033e-006
0 2 3 4 6 p_value: 0.0721808
0 2 5 6 p_value: 0.00705782
0 1 3 9 p_value: 0.0147101
0 1 3 4 6 7 9 p_value: 0.00801276
0 6 7 8 9 p_value: 0.41471
0 2 4 5 6 8 p_value: 0.0124248
0 1 2 5 6 7 8 p_value: 1.13123e-007
0 1 2 3 4 6 7 8 9 p_value: 8.05968e-022
0 2 3 5 6 9 p_value: 0.00293394
0 1 7 p_value: 0.681297
0 1 2 5 7 8 9 p_value: 2.23067e-009
0 2 3 4 6 8 9 p_value: 0.000327883
0 2 4 8 p_value: 0.019229
0 2 4 5 8 9 p_value: 0.00236611
0 1 2 3 6 7 8 p_value: 2.32152e-005
0 3 5 p_value: 1.22183e-005
0 2 5 6 7 8 p_value: 0.000138234
0 1 2 3 5 6 7 8 9 p_value: 4.75383e-015
0 8 p_value: 0.512611
0 2 3 4 5 7 9 p_value: 2.31162e-006
0 1 2 3 4 5 6 p_value: 9.72742e-005
0 1 2 4 5 7 8 p_value: 2.32065e-011
0 1 2 3 4 5 7 8 p_value: 2.91758e-013
0 2 5 7 9 p_value: 0.066729
0 1 3 4 5 6 7 8 9 p_value: 1.10929e-013
0 3 5 p_value: 0.307856
0 2 4 6 9 p_value: 0.187201
0 1 2 3 4 5 6 7 8 9 p_value: 5.97361e-034
0 2 4 5 8 9 p_value: 0.00106282
0 8 9 p_value: 0.648203
0 1 3 4 6 7 8 p_value: 2.52193e-006
0 1 5 6 7 p_value: 0.0387968
0 1 2 3 4 5 6 7 8 p_value: 1.35791e-012
0 2 3 5 8 p_value: 0.310093
0 3 4 5 9 p_value: 0.0142637
0 1 2 3 4 5 8 p_value: 0.000680737
0 9 p_value: 0.424722
0 3 4 7 9 p_value: 0.601315
0 2 4 6 8 p_value: 0.0288775
0 1 2 6 8 p_value: 0.0193844
0 1 2 4 5 7 9 p_value: 0.000341804
0 2 3 5 6 7 9 p_value: 0.00306334
0 4 5 8 9 p_value: 0.200869
0 2 5 7 p_value: 0.0426118
0 1 2 4 6 8 p_value: 0.0357494
0 1 2 6 7 8 9 p_value: 3.38681e-009
0 1 6 9 p_value: 0.00764908
0 3 4 9 p_value: 0.0341195
0 3 5 7 9 p_value: 0.0465356
0 1 2 3 4 5 6 7 8 9 p_value: 1.03039e-046
0 2 4 6 8 p_value: 0.00341585
0 2 6 8 p_value: 0.0261948
0 4 8 p_value: 0.0242283
0 4 5 9 p_value: 0.0587243
0 1 2 3 4 9 p_value: 0.000449477
0 1 2 3 5 8 p_value: 1.70914e-010
0 2 4 6 8 p_value: 0.751134
0 1 2 6 9 p_value: 0.20538
0 1 5 6 p_value: 0.0390688
0 1 2 5 6 p_value: 0.045644
0 3 8 p_value: 0.0939876
0 1 5 8 9 p_value: 0.0131655
0 1 5 6 7 p_value: 0.40411
0 1 6 p_value: 0.0900494
0 1 4 5 9 p_value: 0.767552
0 2 5 8 p_value: 0.235074
0 1 3 5 6 9 p_value: 0.0133474
0 2 5 7 p_value: 0.0473799
0 1 4 6 8 p_value: 0.00173826
0 7 9 p_value: 0.454536
0 1 3 4 8 p_value: 0.241616
0 2 4 5 6 7 8 p_value: 0.000573056
0 2 3 4 6 8 p_value: 0.0818867
0 4 5 6 8 9 p_value: 0.00191945
0 1 2 3 4 5 6 p_value: 0.00156629
0 1 3 4 6 7 9 p_value: 1.34217e-007
0 2 9 p_value: 0.0558438
0 1 2 6 7 8 9 p_value: 2.75013e-006
0 2 4 6 7 8 9 p_value: 0.00267324
0 2 3 5 6 8 p_value: 0.157046
0 1 2 3 4 5 6 7 8 p_value: 1.75849e-013
0 2 5 6 9 p_value: 0.39419
0 4 8 9 p_value: 0.00800435
0 2 4 6 8 p_value: 0.000346126
0 2 4 5 6 7 8 9 p_value: 8.73988e-008
0 6 9 p_value: 0.963223
0 5 p_value: 0.229665
0 2 3 5 8 9 p_value: 0.125752
0 3 5 p_value: 0.386029
0 4 8 p_value: 0.957641
0 7 p_value: 0.785424
0 1 3 5 8 p_value: 0.0297386
0 1 2 3 4 7 8 p_value: 3.59811e-005
0 2 6 p_value: 0.744808
0 2 3 7 8 9 p_value: 1.49677e-005
0 1 3 4 5 6 p_value: 0.0608872
0 2 3 5 6 8 9 p_value: 0.0436978
0 1 2 3 4 p_value: 0.000739725
0 4 5 6 7 8 9 p_value: 0.000433902
0 2 8 9 p_value: 0.00347196
0 2 3 5 8 p_value: 0.00758352
0 1 4 7 p_value: 0.577029
0 3 7 p_value: 0.00529642
0 1 2 3 5 6 9 p_value: 2.39803e-007
0 2 4 5 6 7 8 9 p_value: 4.1298e-015
0 1 2 3 4 5 6 7 8 9 p_value: 2.71385e-041
0 1 2 5 6 7 9 p_value: 8.35977e-006
0 2 7 8 9 p_value: 0.101915
0 1 2 6 8 9 p_value: 0.000123093
0 1 2 3 5 8 9 p_value: 1.22107e-005
0 2 4 7 8 9 p_value: 0.0103152
0 1 2 3 5 7 8 9 p_value: 2.93213e-008
0 1 3 7 9 p_value: 0.00743897
0 1 5 6 9 p_value: 0.0891521
0 1 3 9 p_value: 0.136816
0 2 4 5 6 7 p_value: 0.000667166
0 1 2 3 4 5 6 7 p_value: 1.30104e-022
0 1 2 3 4 5 9 p_value: 2.06166e-009
0 1 2 4 5 6 7 9 p_value: 2.37039e-012
0 1 3 4 9 p_value: 0.0786603
0 2 4 6 7 8 p_value: 7.09445e-005
0 1 2 3 5 6 7 8 p_value: 6.49505e-005
0 6 p_value: 0.550222
0 2 4 6 8 p_value: 0.422175
0 1 3 4 6 7 8 9 p_value: 3.4828e-012
0 3 5 6 7 8 9 p_value: 1.25005e-005
0 2 3 4 5 6 7 p_value: 0.000527054
0 4 8 p_value: 0.0252621
0 8 9 p_value: 0.198588
0 1 4 5 6 p_value: 0.00277348
0 2 3 5 7 p_value: 0.0114779
0 3 6 7 9 p_value: 0.152338
0 2 4 6 8 p_value: 7.4441e-005
0 1 2 3 4 5 6 7 p_value: 2.92163e-005
0 5 6 p_value: 0.0699202
0 1 3 6 7 p_value: 0.00210356
0 1 2 3 4 5 6 7 8 9 p_value: 1.77922e-047
0 1 2 3 4 p_value: 0.00183281
0 6 7 8 9 p_value: 0.392245
0 2 4 6 8 p_value: 0.0839344
0 2 3 4 6 7 8 9 p_value: 1.05206e-013
0 2 3 4 7 8 9 p_value: 0.00250603
0 2 3 9 p_value: 0.0178514
0 1 4 7 8 p_value: 0.00154478
0 3 4 5 8 p_value: 0.00701473
0 1 3 4 6 7 9 p_value: 2.60454e-005
0 2 4 8 p_value: 0.0299822
0 2 4 5 8 9 p_value: 0.0122675
0 1 2 4 5 6 7 8 9 p_value: 7.36e-019
0 1 2 4 7 8 9 p_value: 8.97088e-009
0 3 4 9 p_value: 0.587563

Dn = 0.292
Tab. value = 0.04
Mean = 0.113
Var = 0.043
Hypoteza se zamita 