0 4 5 7 8 9 p_value: 0.00206358
0 1 2 3 8 9 p_value: 0.00498687
0 2 5 6 7 8 p_value: 0.00177702
0 1 2 3 5 7 8 9 p_value: 2.65494e-009
0 1 3 7 9 p_value: 0.0105485
0 1 5 6 9 p_value: 0.105788
0 1 3 9 p_value: 0.292036
0 4 7 8 9 p_value: 0.0249438
0 1 2 3 4 5 6 7 p_value: 4.97116e-017
0 1 2 3 4 5 9 p_value: 1.88279e-008
0 1 4 5 6 9 p_value: 1.82041e-005
0 1 2 7 8 p_value: 0.0671602
0 2 4 6 7 8 p_value: 0.000127492
0 1 2 3 5 6 7 8 p_value: 2.90158e-005
0 5 6 7 p_value: 0.109104
0 3 4 6 7 9 p_value: 0.000398507
0 1 3 4 6 7 8 9 p_value: 1.54579e-014
0 2 3 5 6 7 8 9 p_value: 1.79541e-012
0 2 3 4 5 6 7 p_value: 0.000113481
0 4 5 7 8 p_value: 0.0527452
0 1 4 6 8 9 p_value: 0.00169394
0 1 4 7 8 9 p_value: 5.66553e-005
0 3 4 5 9 p_value: 0.0247606
0 1 3 8 p_value: 0.149274
0 1 3 4 7 9 p_value: 0.00528759
0 4 5 6 7 8 9 p_value: 0.00090632
0 5 6 p_value: 0.0482446
0 1 6 p_value: 0.0134834
0 1 2 3 5 6 7 8 9 p_value: 5.12679e-023
0 1 2 3 4 5 p_value: 0.000539194
0 1 2 3 4 7 8 p_value: 0.000539959
0 2 4 6 8 p_value: 0.0504748
0 2 3 6 7 8 9 p_value: 9.28569e-009
0 1 2 3 4 6 7 8 9 p_value: 4.05278e-018
0 1 4 6 7 p_value: 0.001415
0 1 4 5 8 p_value: 0.00210481
0 3 4 5 8 p_value: 0.00456111
0 1 2 3 5 7 8 9 p_value: 1.40488e-010
0 1 2 3 p_value: 0.985898
0 2 4 5 8 9 p_value: 0.000112362
0 1 2 4 5 6 7 8 9 p_value: 1.26512e-019
0 1 4 5 9 p_value: 0.000258863
0 3 4 9 p_value: 0.200511
0 1 2 3 4 5 6 7 8 9 p_value: 3.7135e-048
0 1 2 3 4 5 6 7 8 9 p_value: 6.21353e-033
0 3 5 8 p_value: 0.00238568
0 1 2 3 4 5 6 7 8 9 p_value: 5.49578e-043
0 1 3 4 6 7 p_value: 0.000164572
0 1 2 6 7 9 p_value: 4.00402e-005
0 1 3 7 p_value: 0.0081823
0 1 2 3 4 5 6 8 9 p_value: 1.96058e-016
0 3 5 p_value: 0.152326
0 4 5 6 8 9 p_value: 0.00256485
0 4 8 9 p_value: 0.365218
0 1 2 3 5 6 8 p_value: 0.0133609
0 1 9 p_value: 0.80572
0 1 2 4 7 8 p_value: 0.000223644
0 3 4 7 9 p_value: 0.0133649
0 2 3 7 p_value: 0.306637
0 3 6 9 p_value: 0.249527
0 1 4 5 6 7 8 9 p_value: 1.14182e-008
0 2 4 5 8 9 p_value: 0.000442787
0 9 p_value: 0.41877
0 3 4 6 7 9 p_value: 0.00641938
0 2 4 6 8 p_value: 0.438946
0 4 5 9 p_value: 0.217892
0 2 4 5 6 7 9 p_value: 1.378e-006
0 1 4 5 7 9 p_value: 0.0419669
0 1 2 3 4 5 6 7 8 9 p_value: 2.80168e-042
0 2 5 7 9 p_value: 0.072618
0 1 2 4 6 8 p_value: 1.81752e-006
0 1 2 6 8 9 p_value: 1.3459e-007
0 1 2 3 6 7 p_value: 0.00180137
0 2 6 8 9 p_value: 0.0321058
0 1 4 5 8 9 p_value: 0.00983993
0 2 3 4 5 6 7 8 9 p_value: 1.06266e-026
0 2 4 6 8 p_value: 0.0341923
0 1 2 3 8 9 p_value: 0.000988964
0 8 p_value: 0.088634
0 2 5 6 7 8 p_value: 0.000644415
0 2 4 6 9 p_value: 0.0291732
0 1 3 5 8 9 p_value: 1.62582e-005
0 2 4 6 8 p_value: 0.365761
0 1 2 7 9 p_value: 0.206797
0 4 5 p_value: 0.0282304
0 4 5 8 p_value: 0.0489868
0 3 6 7 9 p_value: 0.022454
0 1 2 3 5 8 9 p_value: 1.22492e-007
0 1 4 6 7 8 9 p_value: 1.1733e-006
0 3 4 7 9 p_value: 0.0108453
0 5 9 p_value: 0.405455
0 1 3 9 p_value: 0.078477
0 1 2 3 4 5 6 7 8 p_value: 4.82269e-017
0 3 4 6 8 p_value: 9.0408e-006
0 1 4 6 7 8 p_value: 0.00767384
0 2 4 6 8 p_value: 0.00173822
0 3 6 9 p_value: 0.000845882
0 3 6 9 p_value: 0.0335469
0 2 4 6 8 p_value: 0.0230615
0 4 5 8 9 p_value: 0.467903
0 1 2 3 4 5 p_value: 0.0493449
0 5 8 9 p_value: 0.151993
0 2 3 4 5 6 7 8 p_value: 1.97616e-010
0 3 4 8 9 p_value: 0.0384832
0 2 4 6 7 8 p_value: 0.0094902
0 2 4 5 6 7 9 p_value: 4.25833e-005
0 1 2 3 4 5 6 7 8 9 p_value: 2.12011e-031
0 2 3 5 8 9 p_value: 0.00386525
0 4 6 8 9 p_value: 3.38928e-005
0 2 4 6 8 p_value: 0.00600001
0 1 2 3 4 5 p_value: 0.0786604
0 6 p_value: 0.984801
0 1 2 3 4 7 p_value: 0.000415827
0 3 5 8 p_value: 0.51669
0 3 6 7 9 p_value: 0.00726494
0 1 3 4 5 6 9 p_value: 8.85488e-007
0 2 4 6 8 p_value: 0.108845
0 1 2 3 5 7 9 p_value: 0.000358904
0 3 5 6 7 p_value: 0.430537
0 3 6 9 p_value: 0.24492
0 5 p_value: 0.786316
0 5 6 9 p_value: 0.239773
0 1 2 3 4 5 6 7 8 p_value: 5.46297e-016
0 1 2 3 p_value: 0.291592
0 1 4 5 6 8 p_value: 0.0483736
0 1 2 3 8 9 p_value: 0.0252026
0 3 6 p_value: 0.275198
0 1 2 3 4 5 7 p_value: 0.000290062
0 2 3 7 p_value: 0.00333446
0 1 2 3 4 5 6 7 8 p_value: 1.79686e-016
0 2 3 4 7 8 p_value: 0.0531393
0 2 4 6 7 9 p_value: 3.53523e-008
0 2 4 5 6 7 9 p_value: 3.17297e-007
0 2 3 6 8 9 p_value: 0.0014732
0 6 8 p_value: 0.437325
0 3 4 6 7 9 p_value: 0.00103362
0 2 5 6 7 8 p_value: 0.00339945
0 4 6 p_value: 0.3536
0 1 2 8 p_value: 0.0156234
0 4 5 8 p_value: 0.175629
0 1 2 3 4 5 9 p_value: 0.00115863
0 4 5 7 8 9 p_value: 0.000239242
0 1 2 3 4 5 6 7 p_value: 5.5595e-021
0 2 3 5 9 p_value: 0.0106388
0 2 8 p_value: 0.0273592
0 1 4 6 7 9 p_value: 0.0358427
0 1 3 6 p_value: 0.00827412
0 3 4 5 6 8 9 p_value: 0.00691003
0 6 p_value: 0.0973107
0 2 4 6 8 p_value: 0.0294744
0 1 3 4 6 7 8 9 p_value: 1.49121e-009
0 1 3 5 6 7 p_value: 0.000365035
0 1 3 5 7 p_value: 0.000197184
0 1 4 5 6 8 9 p_value: 3.15855e-011
0 1 4 6 8 9 p_value: 0.000198252
0 4 6 7 8 9 p_value: 0.000388585
0 3 6 9 p_value: 0.390658
0 1 2 4 6 p_value: 0.763144
0 2 4 5 7 9 p_value: 4.99419e-007
0 1 2 3 4 5 6 p_value: 0.00231161
0 2 4 6 8 p_value: 0.387436
0 3 9 p_value: 0.482403
0 1 2 3 5 8 p_value: 7.64618e-006
0 1 2 3 4 p_value: 0.0069047
0 1 2 3 7 8 9 p_value: 0.0163894
0 1 2 4 6 8 p_value: 0.0129335
0 1 4 6 7 9 p_value: 0.0070006
0 2 3 4 5 6 7 8 9 p_value: 5.37757e-016
0 2 3 5 9 p_value: 0.00397839
0 1 7 8 p_value: 0.00276536
0 1 3 4 8 p_value: 0.0276915
0 2 3 5 7 p_value: 0.0248865
0 2 3 4 5 8 9 p_value: 1.64368e-005
0 1 4 5 6 8 p_value: 9.89764e-006
0 1 2 4 5 6 9 p_value: 4.75436e-006
0 1 3 4 5 6 8 9 p_value: 3.98569e-011
0 1 2 3 4 5 6 7 8 p_value: 2.16889e-026
0 1 3 5 6 7 9 p_value: 5.80371e-007
0 1 3 4 5 7 8 9 p_value: 1.38325e-006
0 1 2 3 4 5 6 7 p_value: 2.49962e-020
0 1 2 3 4 5 6 7 8 9 p_value: 2.71632e-038
0 3 4 6 7 8 p_value: 0.0402541
0 1 2 6 9 p_value: 0.000176582
0 1 3 5 7 9 p_value: 5.18827e-005
0 1 2 3 4 5 6 8 9 p_value: 5.91936e-013
0 3 5 p_value: 0.116117
0 4 8 9 p_value: 0.0148526
0 1 4 5 7 8 p_value: 0.172523
0 1 3 4 6 p_value: 0.182522
0 8 9 p_value: 0.634398
0 3 6 7 p_value: 0.600968
0 1 2 3 5 6 7 9 p_value: 7.52942e-008
0 2 3 4 7 p_value: 0.0596605
0 2 3 6 8 9 p_value: 0.0468201
0 1 3 4 5 6 7 8 9 p_value: 1.03154e-027
0 1 2 6 7 8 p_value: 0.0081851
0 2 4 7 8 p_value: 0.0304919
0 3 6 9 p_value: 0.609566
0 2 4 6 8 p_value: 7.00442e-005
0 2 4 6 8 p_value: 0.0610202
0 3 5 6 7 9 p_value: 0.00916489
0 1 2 3 7 8 9 p_value: 0.00378084
0 1 2 3 4 5 6 7 8 9 p_value: 3.59995e-028
0 1 4 p_value: 0.482908
0 3 6 9 p_value: 0.137464
0 1 2 4 5 6 8 9 p_value: 8.4937e-007
0 1 7 8 9 p_value: 0.155729
0 1 2 3 4 7 9 p_value: 2.16294e-010
0 1 2 3 4 5 6 7 9 p_value: 2.72089e-012
0 2 4 6 8 9 p_value: 2.23945e-005
0 2 4 p_value: 0.0161126
0 2 4 6 8 p_value: 0.0473081
0 3 6 7 9 p_value: 0.174226
0 4 5 8 9 p_value: 0.0141423
0 2 4 5 6 9 p_value: 0.0128418
0 2 3 4 5 6 7 p_value: 0.00444908
0 4 8 p_value: 0.790305
0 2 7 9 p_value: 0.02653
0 1 7 9 p_value: 0.246593
0 1 5 6 7 p_value: 0.00755039
0 3 6 9 p_value: 0.77152
0 1 2 3 5 8 p_value: 5.32425e-010
0 1 2 3 4 5 6 8 p_value: 5.01526e-010
0 3 5 7 9 p_value: 0.0132351
0 1 3 7 8 9 p_value: 0.0256796
0 7 p_value: 0.137678
0 1 2 3 4 5 6 7 p_value: 7.03334e-010
0 2 6 8 p_value: 0.000566747
0 5 6 7 9 p_value: 0.744761
0 1 2 3 4 5 6 7 8 9 p_value: 3.3563e-036
0 1 2 6 8 9 p_value: 0.001766
0 1 3 4 8 p_value: 0.0810475
0 2 4 6 8 p_value: 0.735345
0 3 4 6 7 p_value: 0.0922309
0 3 4 5 6 7 8 9 p_value: 3.29576e-008
0 1 2 4 6 7 9 p_value: 0.000474704
0 2 3 4 5 6 7 8 p_value: 2.42581e-008
0 3 4 8 9 p_value: 0.00277555
0 2 4 5 7 p_value: 0.0200762
0 2 3 4 5 6 7 9 p_value: 1.47417e-015
0 1 2 3 4 5 6 7 8 p_value: 1.5425e-017
0 1 2 3 5 8 9 p_value: 1.80752e-009
0 1 2 3 4 9 p_value: 0.000308868
0 2 4 6 8 p_value: 0.000447229
0 1 2 3 4 p_value: 0.363996
0 2 3 4 5 6 7 8 9 p_value: 6.17452e-018
0 1 2 3 4 6 7 p_value: 1.06241e-011
0 1 2 3 4 5 6 p_value: 0.00884369
0 2 4 6 9 p_value: 0.134332
0 1 4 5 6 7 p_value: 4.82912e-005
0 2 3 4 6 7 p_value: 0.0108154
0 1 2 3 4 5 6 7 8 9 p_value: 3.32477e-039
0 2 3 5 6 7 p_value: 0.308903
0 2 3 4 6 8 p_value: 0.0475284
0 3 4 8 9 p_value: 0.0227945
0 1 2 3 4 5 6 7 8 9 p_value: 1.02749e-043
0 1 2 3 4 5 6 7 8 p_value: 2.34402e-017
0 2 5 7 8 p_value: 0.000267713
0 1 3 4 5 6 7 8 9 p_value: 1.44298e-017
0 1 2 3 4 6 8 p_value: 6.51352e-005
0 2 5 8 9 p_value: 0.0328892
0 2 3 4 5 7 p_value: 0.399615
0 6 p_value: 0.246458
0 1 2 3 4 5 6 7 8 p_value: 3.26875e-025
0 1 2 4 5 8 9 p_value: 0.00134882
0 6 7 8 p_value: 0.00110808
0 1 2 3 4 7 8 p_value: 6.9251e-006
0 2 6 7 9 p_value: 0.190968
0 4 5 8 p_value: 0.16088
0 3 4 6 7 p_value: 0.815843
0 2 6 p_value: 0.16698
0 4 6 p_value: 0.13672
0 1 2 5 6 8 p_value: 0.000135558
0 1 8 p_value: 0.760156
0 1 4 5 6 9 p_value: 0.0252713
0 1 3 p_value: 0.167295
0 4 5 6 8 9 p_value: 1.35531e-005
0 1 2 3 4 5 6 7 8 p_value: 5.35724e-016
0 2 8 p_value: 0.00988196
0 1 6 7 9 p_value: 0.0097205
0 1 2 3 5 6 8 p_value: 7.05547e-005
0 5 6 8 9 p_value: 0.201278
0 6 p_value: 0.0715682
0 5 7 p_value: 0.0332485
0 2 3 4 5 6 7 9 p_value: 6.67911e-010
0 1 3 5 7 8 p_value: 6.12546e-008
0 1 2 3 4 5 7 8 9 p_value: 3.61784e-021
0 1 2 3 4 p_value: 0.0508926
0 5 7 8 p_value: 0.000718286
0 4 5 9 p_value: 0.0361419
0 3 6 8 9 p_value: 0.118019
0 1 2 3 4 5 p_value: 0.155483
0 1 2 3 7 8 p_value: 3.52396e-005
0 2 6 7 8 9 p_value: 0.0132848
0 1 3 5 p_value: 0.405796
0 5 6 p_value: 0.732766
0 2 3 5 8 p_value: 0.0105789
0 1 9 p_value: 0.392609
0 3 4 5 6 8 9 p_value: 0.00337137
0 2 4 6 8 p_value: 0.0372039
0 3 9 p_value: 0.266993
0 2 3 5 6 7 9 p_value: 1.10531e-006
0 1 2 3 4 5 6 7 8 p_value: 9.8331e-016
0 1 2 3 7 8 9 p_value: 2.85256e-005
0 2 7 9 p_value: 0.00732427
0 3 5 7 8 9 p_value: 0.000304595
0 2 3 4 5 9 p_value: 0.0159203
0 1 5 6 7 8 9 p_value: 0.00408775
0 1 2 4 5 6 9 p_value: 1.63654e-005
0 1 2 3 7 8 p_value: 0.000225562
0 3 4 7 8 p_value: 0.000117357
0 2 5 9 p_value: 0.0151519
0 2 4 6 8 9 p_value: 0.0148036
0 5 7 p_value: 0.0546978
0 2 4 6 8 p_value: 0.0218756
0 2 3 4 5 6 7 8 p_value: 7.99467e-010
0 1 2 3 4 5 6 8 9 p_value: 2.85659e-020
0 2 3 6 8 9 p_value: 0.0291153
0 2 3 4 5 6 7 p_value: 2.3744e-005
0 3 5 6 8 9 p_value: 0.000296101
0 6 p_value: 0.705456
0 4 p_value: 0.490027
0 1 3 4 6 p_value: 0.208371
0 1 2 6 8 9 p_value: 0.00575337
0 1 2 9 p_value: 0.100656
0 1 3 4 5 6 8 p_value: 4.21492e-006
0 2 3 4 7 9 p_value: 0.0375461
0 2 8 9 p_value: 0.0792684
0 1 2 3 5 8 p_value: 0.0281959
0 1 5 7 8 9 p_value: 0.0340597
0 4 8 p_value: 0.0356661
0 2 4 5 7 9 p_value: 0.000767102
0 1 5 8 p_value: 0.134474
0 3 4 5 7 9 p_value: 0.00152397
0 2 4 5 6 7 9 p_value: 8.68432e-008
0 1 2 3 4 9 p_value: 0.0814415
0 1 4 5 7 9 p_value: 0.00113427
0 5 6 8 9 p_value: 0.109156
0 3 6 9 p_value: 0.164581
0 1 2 3 5 7 8 9 p_value: 5.02282e-011
0 2 6 8 9 p_value: 0.00601596
0 3 4 7 9 p_value: 0.0261756
0 1 5 8 p_value: 0.012338
0 2 4 5 8 p_value: 0.00296299
0 2 3 4 5 6 8 9 p_value: 1.13751e-013
0 2 8 p_value: 0.00762067
0 1 6 7 9 p_value: 0.00555527
0 3 5 7 8 p_value: 0.0473473
0 3 6 9 p_value: 0.0706867
0 2 3 4 5 6 7 p_value: 7.06546e-006
0 3 4 5 6 7 p_value: 1.40833e-008
0 2 3 5 7 9 p_value: 0.00109413
0 1 2 4 6 7 9 p_value: 3.505e-006
0 2 4 5 6 7 8 9 p_value: 1.1632e-012
0 3 6 9 p_value: 0.995663
0 1 2 3 5 6 7 8 9 p_value: 7.93969e-020
0 1 2 3 4 5 p_value: 0.00514772
0 8 9 p_value: 0.935452
0 1 4 5 9 p_value: 0.0978026
0 3 7 p_value: 0.142519
0 2 7 p_value: 0.327189
0 1 7 p_value: 0.385724
0 1 4 5 9 p_value: 0.547518
0 1 2 3 4 6 7 8 9 p_value: 6.20781e-014
0 1 2 7 9 p_value: 0.0691849
0 3 4 6 7 p_value: 0.273774
0 8 9 p_value: 0.336213
0 3 8 9 p_value: 0.148569
0 4 5 6 8 9 p_value: 0.00125951
0 1 5 6 7 8 p_value: 0.715903
0 1 2 3 4 9 p_value: 6.74091e-007
0 1 2 3 5 6 8 p_value: 6.68599e-007
0 2 5 7 p_value: 0.00388132
0 1 2 3 5 7 8 p_value: 1.27495e-010
0 1 2 3 4 5 6 7 8 9 p_value: 4.33137e-043
0 2 3 4 5 6 7 p_value: 4.31259e-008
0 2 5 6 7 9 p_value: 0.0572222
0 2 4 6 8 p_value: 2.8293e-008
0 2 4 5 6 7 9 p_value: 1.83565e-006
0 2 3 4 5 6 8 p_value: 3.4891e-005
0 1 3 6 7 8 p_value: 0.000216488
0 3 4 5 6 p_value: 0.28565
0 1 4 9 p_value: 0.329894
0 1 3 4 5 6 9 p_value: 1.05075e-008
0 2 4 5 7 8 p_value: 0.159731
0 1 2 3 4 5 6 7 8 9 p_value: 3.65006e-044
0 2 3 4 5 6 7 p_value: 0.00639164
0 4 7 p_value: 0.213319
0 3 4 8 9 p_value: 0.00200861
0 1 2 3 4 5 6 7 8 9 p_value: 1.84597e-050
0 1 2 4 5 6 7 p_value: 0.0633027
0 6 9 p_value: 0.0580042
0 1 2 3 4 5 6 p_value: 6.13747e-005
0 2 5 8 9 p_value: 0.000654116
0 2 3 4 5 6 7 8 9 p_value: 1.39327e-019
0 2 3 5 8 p_value: 0.0442001
0 3 6 p_value: 0.834103
0 2 3 7 p_value: 0.00343341
0 1 3 5 6 7 p_value: 0.0416402
0 6 7 8 p_value: 0.000569237
0 1 2 3 4 5 p_value: 0.00769734
0 3 5 6 7 9 p_value: 0.00576486
0 1 5 7 p_value: 0.588202
0 2 3 4 5 6 7 9 p_value: 5.75485e-009
0 1 2 6 8 p_value: 0.283397
0 1 5 8 p_value: 0.551063
0 4 6 p_value: 0.185655
0 4 5 8 p_value: 0.191374
0 4 9 p_value: 0.0470246
0 1 2 3 4 6 p_value: 0.00181113
0 5 8 9 p_value: 0.022858
0 1 2 3 4 5 6 7 8 p_value: 1.51123e-020
0 2 8 p_value: 0.00480539
0 1 6 7 9 p_value: 0.00516586
0 1 2 3 4 5 6 7 8 p_value: 2.45913e-020
0 2 4 5 6 p_value: 0.00110246
0 1 2 3 5 7 8 p_value: 2.87258e-005
0 1 4 6 8 p_value: 0.0131716
0 2 4 6 8 9 p_value: 0.000196515
0 4 5 8 9 p_value: 0.0102218
0 3 7 8 p_value: 0.069969
0 2 3 5 6 7 8 9 p_value: 5.88365e-007
0 3 4 6 7 p_value: 0.203281
0 1 5 9 p_value: 0.481273
0 3 4 6 9 p_value: 0.00270197
0 3 4 5 9 p_value: 0.0741591
0 2 3 4 5 7 9 p_value: 0.00178971
0 2 6 7 8 9 p_value: 0.0243403
0 1 2 3 4 5 6 7 8 p_value: 2.75256e-015
0 2 4 5 6 8 p_value: 0.00747051
0 2 5 6 p_value: 0.0540063
0 5 6 7 9 p_value: 0.00262848
0 3 4 5 6 8 9 p_value: 0.00212589
0 1 2 4 6 8 p_value: 0.00872001
0 2 5 8 p_value: 0.578429
0 1 2 5 6 7 8 p_value: 6.74382e-008
0 1 2 3 4 6 7 8 9 p_value: 1.10398e-020
0 1 2 4 5 7 8 p_value: 0.000117618
0 1 3 5 6 9 p_value: 0.00290119
0 1 2 5 7 8 9 p_value: 5.94874e-008
0 3 4 7 8 p_value: 0.154749
0 2 4 8 p_value: 0.0102195
0 1 4 5 8 9 p_value: 0.0193295
0 1 2 4 5 6 7 8 p_value: 4.96992e-007
0 3 5 p_value: 2.48741e-005
0 2 5 6 7 8 p_value: 4.62603e-005
0 1 2 4 7 8 9 p_value: 6.52182e-005
0 5 7 8 9 p_value: 0.271364
0 1 2 6 8 9 p_value: 0.00212447
0 1 2 3 4 5 6 p_value: 8.38045e-005
0 1 3 4 6 7 p_value: 5.17503e-007
0 1 2 3 5 7 8 p_value: 4.05197e-008
0 3 5 7 p_value: 0.289349
0 4 5 9 p_value: 0.454066
0 2 4 p_value: 0.00704983
0 1 2 4 5 9 p_value: 0.000323225
0 1 3 6 7 p_value: 0.0609555
0 9 p_value: 0.0519918
0 9 p_value: 0.691122
0 1 3 4 6 7 8 p_value: 7.17081e-006
0 2 4 6 8 p_value: 0.000172731
0 1 2 4 5 6 7 8 p_value: 1.0018e-011
0 1 2 3 5 8 p_value: 0.302842
0 1 4 5 6 7 8 9 p_value: 8.63212e-008
0 1 2 3 4 5 8 p_value: 7.5055e-005
0 4 5 9 p_value: 0.244725
0 3 4 7 9 p_value: 0.748113
0 1 2 4 6 7 8 p_value: 0.000341913
0 1 2 3 4 9 p_value: 8.25314e-006
0 1 2 3 4 6 9 p_value: 0.000681024
0 8 9 p_value: 0.319456
0 3 4 5 8 9 p_value: 0.0327939
0 6 p_value: 0.397413
0 1 2 4 6 8 p_value: 0.0805272
0 2 3 4 6 8 9 p_value: 6.60411e-006
0 1 3 6 p_value: 0.0347565
0 2 3 4 5 9 p_value: 0.00229338
0 1 3 5 p_value: 0.0349236
0 1 2 3 4 5 6 7 8 p_value: 2.09634e-022
0 1 2 3 8 9 p_value: 1.32721e-006
0 3 6 9 p_value: 0.0637994
0 2 3 5 7 p_value: 3.58982e-006
0 3 6 7 9 p_value: 4.50925e-006
0 1 2 3 4 5 p_value: 0.00639942
0 7 p_value: 0.0983427
0 2 4 6 8 p_value: 0.202428
0 1 2 4 6 7 9 p_value: 0.00196499
0 1 3 4 p_value: 0.0659617
0 1 2 6 p_value: 0.228657
0 2 3 4 7 9 p_value: 0.00534974
0 1 2 3 4 5 6 8 p_value: 2.91757e-009
0 8 9 p_value: 0.593225
0 7 p_value: 0.12624
0 1 4 5 8 9 p_value: 0.00313326
0 2 8 p_value: 0.176227
0 1 3 5 6 9 p_value: 0.0198363
0 1 5 9 p_value: 0.578562
0 1 3 7 9 p_value: 1.89272e-005
0 3 7 9 p_value: 0.036404
0 3 4 6 7 p_value: 0.116865
0 3 6 9 p_value: 0.124643
0 2 3 4 6 8 p_value: 0.0056117
0 3 4 6 7 p_value: 0.54774
0 1 2 3 4 5 p_value: 0.0376449
0 3 4 6 7 9 p_value: 2.53914e-006
0 1 2 3 4 9 p_value: 0.000477807
0 1 2 6 7 8 p_value: 0.000848798
0 1 2 3 4 6 7 8 9 p_value: 4.76246e-019
0 2 3 5 6 8 p_value: 0.278883
0 1 2 3 4 5 6 7 8 p_value: 1.30928e-016
0 2 5 6 7 9 p_value: 0.169563
0 4 6 8 9 p_value: 1.62359e-005
0 2 4 6 8 p_value: 0.000940619
0 2 4 5 6 7 8 9 p_value: 9.34036e-010
0 6 9 p_value: 0.94792
0 5 8 p_value: 0.0221043
0 3 8 9 p_value: 0.456289
0 3 5 p_value: 0.635874
0 4 8 p_value: 0.936383
0 7 p_value: 0.988967
0 1 3 5 8 p_value: 0.075752
0 2 4 7 p_value: 0.625257
0 3 6 9 p_value: 0.0745043
0 1 2 3 4 5 6 7 8 9 p_value: 8.19461e-047
0 1 3 4 5 6 p_value: 0.0218383
0 2 3 5 6 8 9 p_value: 0.000815631
0 1 2 3 4 5 6 p_value: 6.99737e-007
0 2 5 8 9 p_value: 4.77895e-006
0 2 8 9 p_value: 0.00624717
0 2 4 6 7 9 p_value: 9.1288e-005
0 1 4 7 p_value: 0.665151
0 2 4 5 9 p_value: 0.00725714
0 1 3 6 7 p_value: 0.00276205
0 3 6 9 p_value: 0.0150035
0 1 2 3 4 5 8 p_value: 0.00011177
0 2 3 4 6 8 p_value: 6.33705e-005
0 2 6 8 9 p_value: 0.000263572
0 2 6 8 9 p_value: 0.153958
0 2 3 5 6 7 9 p_value: 0.000190774
0 1 3 8 p_value: 0.400534
0 1 2 3 5 7 8 9 p_value: 8.85365e-009
0 2 4 5 6 7 9 p_value: 0.0167498
0 9 p_value: 0.313051
0 1 3 9 p_value: 0.0611354
0 2 4 5 6 p_value: 0.0063787
0 1 2 3 4 5 6 7 p_value: 2.80128e-015
0 1 2 3 4 5 9 p_value: 1.2158e-010
0 2 3 6 8 9 p_value: 9.631e-005
0 3 5 6 8 9 p_value: 0.0311746
0 2 4 6 7 8 p_value: 6.14227e-005
0 1 2 3 5 6 8 9 p_value: 2.25829e-005
0 5 6 7 p_value: 0.0561471
0 2 4 5 6 8 9 p_value: 0.000138604
0 4 5 8 9 p_value: 0.000188609
0 3 5 7 8 p_value: 0.0744205
0 1 2 3 p_value: 0.903744
0 4 5 7 8 p_value: 0.0481583
0 5 9 p_value: 0.9002
0 7 9 p_value: 0.0904614
0 3 4 5 9 p_value: 0.0330175
0 2 4 6 p_value: 0.00606091
0 2 4 6 8 p_value: 0.000343372
0 2 3 4 5 6 7 p_value: 0.000327883
0 2 4 6 7 8 p_value: 0.00863482
0 1 3 6 7 p_value: 2.3985e-005
0 1 3 9 p_value: 0.00215105
0 3 4 5 6 7 8 9 p_value: 2.65567e-006
0 6 7 8 9 p_value: 0.464027
0 2 4 6 8 p_value: 0.10519
0 1 2 3 4 5 6 7 8 9 p_value: 1.15297e-043
0 1 2 3 4 6 7 8 9 p_value: 5.01827e-019
0 1 2 3 7 9 p_value: 2.09225e-005
0 1 7 8 p_value: 0.117839
0 1 2 4 5 6 9 p_value: 7.66133e-005
0 1 2 3 5 7 9 p_value: 0.000747081
0 2 3 4 5 p_value: 0.0252276
0 2 4 5 8 9 p_value: 0.00268337
0 1 2 4 5 6 7 8 9 p_value: 1.58026e-013
0 1 4 5 9 p_value: 7.33045e-006
0 1 2 3 4 5 6 7 8 p_value: 4.31371e-020
0 2 4 5 7 8 9 p_value: 1.30565e-006
0 1 2 3 4 5 7 8 9 p_value: 1.69471e-012
0 5 p_value: 0.722458
0 2 3 4 5 6 8 9 p_value: 5.09214e-010
0 1 3 4 6 7 p_value: 1.21007e-006
0 1 2 3 5 6 9 p_value: 3.25751e-007
0 2 4 7 9 p_value: 0.0196057
0 1 2 3 4 5 6 7 8 9 p_value: 4.40776e-038
0 2 3 4 5 6 7 8 9 p_value: 1.45933e-027
0 1 2 3 4 6 7 p_value: 0.000207299
0 1 4 6 8 9 p_value: 1.02071e-005
0 5 9 p_value: 0.399094
0 1 9 p_value: 0.59128
0 1 3 4 7 8 p_value: 0.000359278
0 2 4 6 p_value: 0.0164445
0 1 2 3 4 5 p_value: 0.213952
0 6 p_value: 0.779292
0 1 4 5 6 7 8 9 p_value: 1.70852e-005
0 2 3 4 5 8 9 p_value: 8.6537e-006
0 9 p_value: 0.397582
0 3 4 6 7 9 p_value: 0.00249597
0 2 4 6 8 p_value: 0.36037
0 1 2 8 p_value: 0.743142
0 1 2 4 9 p_value: 0.0378555
0 1 4 5 7 9 p_value: 0.0176587
0 4 8 9 p_value: 0.0248761
0 2 5 7 9 p_value: 0.00119497
0 1 2 4 6 8 p_value: 0.00116688
0 1 2 3 5 8 9 p_value: 1.18379e-006
0 3 4 9 p_value: 0.00508021
0 3 4 9 p_value: 0.252072
0 2 4 7 9 p_value: 0.126431
0 1 2 3 4 5 6 7 8 9 p_value: 4.92478e-046
0 2 4 6 8 p_value: 0.0335578
0 1 4 9 p_value: 0.0843498
0 1 2 3 5 6 9 p_value: 4.71489e-006
0 2 5 6 7 8 p_value: 0.00010439
0 2 3 4 p_value: 0.0943184
0 3 5 8 p_value: 0.00601279
0 2 4 6 8 p_value: 0.368535
0 1 2 3 6 9 p_value: 0.0803555
0 2 6 7 p_value: 0.0452703
0 1 2 3 4 p_value: 0.299159
0 3 7 9 p_value: 0.0558529
0 1 2 3 5 8 p_value: 0.000101144
0 1 4 6 7 8 9 p_value: 0.00328784
0 1 6 p_value: 0.388055
0 5 9 p_value: 0.575559
0 2 5 8 p_value: 0.188822
0 5 6 8 9 p_value: 0.0144875
0 2 5 7 p_value: 0.0714166
0 3 6 9 p_value: 0.394132
0 1 2 3 4 5 6 7 8 9 p_value: 9.27292e-037
0 3 4 6 p_value: 0.0116665
0 2 3 4 5 6 8 p_value: 0.00072518
0 3 6 9 p_value: 0.845479
0 4 5 6 8 9 p_value: 0.011154
0 1 2 3 5 7 9 p_value: 0.00822763
0 1 3 4 6 7 9 p_value: 1.21995e-006
0 2 3 4 5 6 7 8 p_value: 3.66769e-012
0 3 4 5 6 8 9 p_value: 5.34614e-005
0 2 4 6 7 8 p_value: 0.00550442
0 1 2 3 5 8 p_value: 0.0334292
0 1 2 3 4 5 6 7 8 p_value: 3.43508e-018
0 2 5 6 7 9 p_value: 0.0657845
0 4 8 9 p_value: 0.00253614
0 2 4 6 8 p_value: 0.000975181
0 2 4 5 6 7 8 9 p_value: 1.0937e-011
0 1 6 7 p_value: 0.046373
0 5 8 p_value: 0.0467386
0 3 8 p_value: 0.919158
0 3 5 6 9 p_value: 0.145906
0 4 5 6 9 p_value: 0.145451
0 2 5 7 9 p_value: 0.0320991
0 1 3 4 6 8 p_value: 0.0763457
0 1 2 3 6 7 p_value: 0.000286918
0 3 5 6 9 p_value: 0.459423
0 8 p_value: 0.409886
0 9 p_value: 0.566594
0 2 3 5 6 8 9 p_value: 0.00687954
0 1 2 3 4 p_value: 0.000276547
0 3 4 5 6 7 8 p_value: 3.62452e-008
0 1 2 3 7 8 9 p_value: 1.06401e-005
0 2 3 4 6 7 9 p_value: 1.59224e-008
0 3 6 9 p_value: 0.332819
0 2 3 7 p_value: 0.0172049
0 2 6 8 9 p_value: 0.00202503
0 2 3 4 7 8 p_value: 0.0023705
0 2 3 4 6 7 9 p_value: 1.40338e-007
0 3 5 7 9 p_value: 0.0144992
0 2 3 5 6 7 9 p_value: 1.11603e-005
0 1 2 3 4 5 6 8 p_value: 3.93369e-015
0 1 2 3 5 8 9 p_value: 7.16337e-007
0 2 5 6 7 8 p_value: 0.00146758
0 4 6 p_value: 0.373366
0 1 2 7 8 p_value: 0.000287929
0 1 5 6 9 p_value: 0.0232501
0 1 2 3 4 5 9 p_value: 0.0519465
0 7 p_value: 0.969764
0 1 2 3 4 5 6 7 p_value: 2.96463e-019
0 2 3 5 9 p_value: 0.0413461
0 1 2 3 4 9 p_value: 7.38791e-005
0 3 4 5 6 7 8 9 p_value: 8.53231e-010
0 2 4 6 7 8 p_value: 0.000828649
0 3 4 5 6 8 9 p_value: 0.00032886
0 6 p_value: 0.507342
0 2 4 6 8 p_value: 0.0395668
0 1 3 4 6 7 8 9 p_value: 2.57766e-010
0 1 3 5 6 7 p_value: 0.00013168
0 2 3 5 7 9 p_value: 0.00646982
0 4 5 8 9 p_value: 0.00113888
0 1 2 4 5 6 8 9 p_value: 9.05563e-011
0 6 7 8 9 p_value: 0.00913291
0 1 3 4 6 9 p_value: 0.041659
0 4 6 8 9 p_value: 0.179176
0 1 2 3 4 7 8 9 p_value: 5.24429e-015
0 1 2 3 4 5 6 7 p_value: 2.08473e-005
0 1 3 5 8 p_value: 0.281187
0 5 6 p_value: 0.13618
0 1 2 3 5 6 8 9 p_value: 1.36202e-016
0 4 5 6 7 8 9 p_value: 1.06969e-005
0 1 2 3 7 8 9 p_value: 0.000233472
0 2 4 5 6 8 9 p_value: 5.78408e-007
0 2 6 7 8 9 p_value: 5.69117e-005
0 1 2 3 4 6 7 8 9 p_value: 7.63336e-015
0 1 4 6 7 p_value: 0.00378327
0 1 2 4 8 p_value: 0.110717
0 3 4 5 8 p_value: 0.00315446
0 1 2 3 5 8 9 p_value: 5.14373e-006
0 2 3 4 5 8 9 p_value: 0.00108996
0 4 8 9 p_value: 0.0138024
0 2 4 5 8 9 p_value: 6.23532e-005
0 2 5 7 9 p_value: 1.45292e-006
0 1 2 3 4 5 6 7 8 p_value: 6.50721e-026
0 1 2 3 4 5 6 7 8 9 p_value: 1.07855e-046
0 1 2 3 4 5 6 7 8 9 p_value: 2.76696e-037
0 2 3 5 8 p_value: 0.00106324
0 1 2 3 4 5 6 7 8 9 p_value: 2.07035e-036
0 1 3 4 6 7 p_value: 0.000862838
0 1 2 6 7 9 p_value: 2.50664e-005
0 2 3 5 9 p_value: 0.0031877
0 1 2 3 4 5 6 8 9 p_value: 1.19766e-014
0 2 3 5 p_value: 0.255406
0 3 4 5 6 8 9 p_value: 0.0012262
0 4 8 9 p_value: 0.448322
0 1 6 p_value: 0.0443501
0 1 2 7 9 p_value: 0.172801
0 2 3 4 5 7 9 p_value: 4.90566e-007
0 3 4 7 9 p_value: 0.019331
0 2 3 4 7 p_value: 0.148722
0 3 6 9 p_value: 0.0949737
0 3 6 7 9 p_value: 0.00553109
0 1 2 6 7 p_value: 0.0197625
0 2 4 7 9 p_value: 7.15675e-005
0 3 4 6 7 9 p_value: 0.0144091
0 2 4 6 8 p_value: 0.0304607
0 4 5 9 p_value: 0.0225937
0 2 4 5 6 7 9 p_value: 8.83508e-007
0 1 2 5 6 7 p_value: 0.0229008
0 1 2 3 4 5 6 7 8 9 p_value: 6.3536e-038
0 1 2 3 4 5 8 9 p_value: 5.24913e-006
0 1 2 4 6 8 p_value: 4.44708e-008
0 1 2 4 5 6 8 9 p_value: 1.27868e-006
0 1 7 8 9 p_value: 0.120045
0 1 2 3 4 7 9 p_value: 2.76441e-006
0 1 4 5 8 9 p_value: 0.0207325
0 2 3 6 9 p_value: 0.295165
0 2 4 6 p_value: 0.01253
0 2 4 6 8 p_value: 0.610289
0 1 2 3 5 6 8 9 p_value: 8.99e-010
0 4 5 9 p_value: 0.0147279
0 2 4 6 9 p_value: 0.322907
0 1 3 5 8 9 p_value: 0.00250097
0 4 8 p_value: 0.408674
0 1 2 7 9 p_value: 0.0144786
0 1 2 7 8 p_value: 0.00269353
0 4 8 p_value: 0.140715
0 1 3 6 7 9 p_value: 0.00649181
0 3 5 8 9 p_value: 8.58957e-005
0 2 4 5 7 8 9 p_value: 5.72234e-006
0 2 3 4 7 9 p_value: 0.0453417
0 5 9 p_value: 0.339628
0 3 7 p_value: 0.259112
0 1 2 3 6 7 p_value: 0.000191569
0 3 6 8 p_value: 0.000399513
0 1 4 5 7 9 p_value: 0.00489316
0 1 2 3 4 5 6 7 8 9 p_value: 1.40313e-030
0 1 9 p_value: 0.601606
0 1 3 4 9 p_value: 0.505686
0 1 2 3 p_value: 0.723978
0 1 2 4 5 p_value: 0.0130346
0 1 2 3 4 5 p_value: 0.0162937
0 1 5 7 8 p_value: 0.0531121
0 2 3 4 5 6 7 p_value: 0.000374209
0 3 4 8 9 p_value: 0.0373962
0 2 4 6 7 8 p_value: 0.00532197
0 2 4 5 6 7 9 p_value: 8.34362e-005
0 1 2 3 4 5 6 7 8 9 p_value: 3.22574e-029
0 2 5 6 9 p_value: 0.0027088
0 1 2 3 4 p_value: 0.00195661
0 2 4 6 8 p_value: 0.00287582
0 1 2 3 4 p_value: 0.0965307
0 2 3 4 5 6 8 9 p_value: 1.11629e-011
0 1 2 3 4 5 7 p_value: 6.73772e-007
0 3 5 6 8 p_value: 0.100073
0 2 3 4 6 9 p_value: 0.00286093
0 1 3 4 5 6 9 p_value: 5.96323e-008
0 2 3 4 5 8 p_value: 0.040932
0 1 2 4 8 9 p_value: 0.0444143
0 2 3 5 6 p_value: 0.381202
0 3 6 9 p_value: 0.235565
0 5 p_value: 0.979985
0 1 2 3 5 7 9 p_value: 1.95136e-005
0 1 2 3 4 5 6 7 8 p_value: 2.03322e-018
0 1 2 3 7 8 p_value: 0.113356
0 1 4 5 6 8 p_value: 0.00151026
0 1 2 3 8 9 p_value: 0.00151333
0 2 3 5 9 p_value: 0.0920346
0 2 3 5 6 7 9 p_value: 0.00120701
0 6 p_value: 0.319426
0 1 2 3 4 5 6 7 8 p_value: 7.07968e-021
0 1 2 3 4 6 7 9 p_value: 2.78571e-010
0 2 4 6 7 9 p_value: 9.50137e-010
0 1 2 3 4 5 7 p_value: 2.65378e-006
0 3 6 9 p_value: 0.141781
0 6 8 p_value: 0.526044
0 3 6 7 9 p_value: 0.485831
0 2 6 p_value: 0.573453
0 2 4 6 p_value: 0.570834
0 1 2 8 p_value: 0.0194174
0 4 5 8 p_value: 0.265093
0 1 2 3 4 5 9 p_value: 3.66372e-006
0 1 2 3 4 p_value: 0.0129825
0 1 2 3 4 5 6 7 p_value: 2.81111e-026
0 1 2 3 4 5 6 7 8 p_value: 4.55968e-022
0 2 8 p_value: 0.0014166
0 3 4 5 6 9 p_value: 0.0362539
0 1 3 6 p_value: 0.0366876
0 3 4 5 6 8 9 p_value: 0.00612472
0 6 p_value: 0.0479652
0 1 4 5 7 p_value: 0.00211156
0 1 3 4 6 7 8 9 p_value: 1.2855e-008
0 1 3 5 7 8 p_value: 1.35784e-005
0 2 3 5 7 9 p_value: 0.000675737
0 5 6 7 8 9 p_value: 0.00386174
0 1 2 3 4 5 6 7 8 p_value: 4.33804e-024
0 1 4 5 7 8 9 p_value: 4.09703e-006
0 3 4 6 9 p_value: 0.0845589
0 1 2 3 4 5 p_value: 0.565005
0 2 3 4 5 7 9 p_value: 1.03865e-007
0 2 5 6 7 8 9 p_value: 1.06031e-005
0 1 3 5 8 p_value: 0.0727588
0 3 9 p_value: 0.629887
0 1 2 3 4 5 6 8 9 p_value: 1.56329e-022
0 1 2 3 4 p_value: 0.175188
0 1 3 6 7 9 p_value: 0.00462896
0 3 6 9 p_value: 0.00275971
0 1 2 3 4 6 9 p_value: 3.29392e-006
0 2 3 4 5 6 7 8 9 p_value: 7.53175e-018
0 2 3 5 7 8 9 p_value: 3.65799e-007
0 1 7 p_value: 0.421726
0 3 4 8 9 p_value: 0.023481
0 2 3 5 7 p_value: 0.0601102
0 2 3 4 5 9 p_value: 0.002614
0 2 4 6 8 p_value: 0.0150619
0 1 2 4 5 6 9 p_value: 8.63675e-008
0 1 2 3 7 8 p_value: 0.000195637
0 2 3 4 6 7 8 9 p_value: 3.45992e-013
0 3 6 9 p_value: 0.217367
0 1 2 4 5 6 8 p_value: 0.00353815
0 5 7 p_value: 0.100826
0 1 2 3 4 5 6 7 8 9 p_value: 8.80137e-042
0 1 3 4 5 6 7 8 9 p_value: 4.91332e-015
0 1 2 4 5 8 p_value: 1.11663e-005
0 2 3 5 9 p_value: 0.0164099
0 1 2 3 4 5 7 p_value: 6.79085e-005
0 3 5 6 8 9 p_value: 0.000579608
0 1 3 4 6 7 9 p_value: 0.000745032
0 3 5 7 8 p_value: 0.120966
0 1 3 4 6 p_value: 0.286754
0 1 6 8 9 p_value: 0.0496538
0 3 6 7 p_value: 0.249368
0 1 2 3 4 5 6 7 9 p_value: 3.14014e-017
0 2 3 4 7 9 p_value: 0.00175841
0 2 3 6 8 9 p_value: 0.0417142
0 1 3 4 5 6 7 8 9 p_value: 4.53033e-024
0 1 2 6 7 8 p_value: 0.00101779
0 4 8 p_value: 0.0708431
0 1 2 4 5 9 p_value: 0.216512
0 4 7 p_value: 0.536033
0 2 4 6 8 p_value: 0.386212
0 2 4 5 6 7 9 p_value: 3.01591e-006
0 1 2 3 4 9 p_value: 0.219295
0 1 2 3 4 5 6 7 8 9 p_value: 5.9082e-028
0 5 6 8 9 p_value: 0.0533098
0 3 6 9 p_value: 0.289066
0 1 2 3 4 5 6 p_value: 0.00191995
0 1 7 8 9 p_value: 0.1532
0 1 3 4 6 9 p_value: 0.0387188
0 1 2 3 4 5 6 7 9 p_value: 8.43982e-013
0 1 7 p_value: 0.48572
0 2 4 6 p_value: 0.0532565
0 1 2 3 8 9 p_value: 9.76475e-005
0 1 3 4 5 7 9 p_value: 1.0053e-007
0 1 5 6 p_value: 0.115857
0 2 4 5 6 9 p_value: 0.0130744
0 2 3 4 9 p_value: 0.0601766
0 4 8 p_value: 0.325359
0 2 3 5 7 9 p_value: 0.00561981
0 1 2 4 6 7 9 p_value: 2.83042e-005
0 2 4 6 7 8 9 p_value: 2.35924e-006
0 3 6 9 p_value: 0.802978
0 1 2 4 5 7 8 p_value: 2.52645e-015
0 1 2 3 4 5 6 p_value: 0.000168424
0 2 4 7 8 9 p_value: 0.114404
0 1 3 4 5 7 8 9 p_value: 0.00011698
0 2 8 p_value: 0.0251617
0 2 7 p_value: 0.0435942
0 2 6 8 p_value: 0.0293809
0 5 6 9 p_value: 0.811412
0 4 6 p_value: 0.127832
0 7 9 p_value: 0.450525
0 3 4 6 7 p_value: 0.170895
0 1 6 8 9 p_value: 0.145841
0 3 8 9 p_value: 0.263982
0 1 3 4 5 7 8 9 p_value: 2.15157e-006
0 1 2 6 7 9 p_value: 0.0746553
0 2 7 p_value: 0.301994
0 3 4 5 6 8 9 p_value: 8.15305e-005
0 1 2 8 p_value: 0.0389001
0 1 2 3 5 6 7 8 p_value: 1.37379e-015
0 1 2 3 4 5 6 7 8 9 p_value: 2.86075e-029
0 1 2 3 5 p_value: 0.00579639
0 1 7 8 p_value: 0.31813
0 1 2 3 4 5 p_value: 2.20563e-010
0 2 4 6 7 8 9 p_value: 6.68105e-007
0 1 2 3 4 5 6 7 8 9 p_value: 4.08619e-031
0 3 5 6 7 p_value: 1.6076e-005
0 1 2 3 4 5 6 p_value: 0.000719099
0 2 4 6 9 p_value: 0.407319
0 1 2 5 7 8 p_value: 0.000597218
0 4 8 p_value: 0.852381
0 1 2 3 4 5 6 7 8 9 p_value: 1.12391e-042
0 2 3 5 6 7 p_value: 0.0594607
0 1 p_value: 0.138004
0 1 4 5 8 9 p_value: 0.000326103
0 1 4 8 9 p_value: 0.12581
0 1 2 3 4 5 6 7 8 p_value: 2.85913e-015
0 2 5 7 8 p_value: 0.000136273
0 3 6 9 p_value: 0.104701
0 5 8 9 p_value: 0.260123
0 2 8 9 p_value: 0.11938
0 2 4 5 6 7 p_value: 0.257223
0 3 6 9 p_value: 0.267681
0 2 3 6 7 p_value: 1.44207e-009
0 1 3 5 6 7 p_value: 0.000107405
0 6 7 8 p_value: 0.00201769
0 1 3 4 5 7 8 p_value: 2.7942e-005
0 3 6 9 p_value: 0.0457581
0 4 7 8 p_value: 0.085262
0 1 2 3 4 7 p_value: 0.000375071
0 1 2 3 6 p_value: 0.102011
0 1 5 6 7 p_value: 0.0395147
0 1 2 6 8 p_value: 0.000648766
0 1 2 7 p_value: 0.030258
0 1 4 5 6 9 p_value: 0.0047793
0 1 3 p_value: 0.129243
0 2 5 8 9 p_value: 8.47937e-005
0 1 2 3 4 5 6 7 8 p_value: 5.74071e-015
0 2 8 p_value: 0.00171942
0 1 6 9 p_value: 0.0622834
0 1 3 6 9 p_value: 0.0066151
0 5 6 8 9 p_value: 0.116522
0 6 8 p_value: 0.0365505
0 2 5 6 7 9 p_value: 9.73068e-005
0 1 3 4 5 6 7 9 p_value: 1.32131e-008
0 4 5 8 9 p_value: 0.00926735
0 1 2 3 4 5 7 8 9 p_value: 1.10487e-020
0 6 7 8 9 p_value: 0.165494
0 3 6 7 p_value: 0.0192703
0 4 5 9 p_value: 0.0542954
0 1 5 6 p_value: 0.174448
0 1 2 3 4 5 p_value: 0.0405018
0 1 3 7 p_value: 0.0300528
0 2 6 7 8 9 p_value: 0.00762905
0 1 3 4 5 7 p_value: 0.0192207
0 5 6 p_value: 0.227296
0 2 3 5 8 p_value: 0.0207344
0 3 6 7 p_value: 0.116419
0 3 4 5 6 8 9 p_value: 0.024839
0 1 2 4 6 8 p_value: 0.000839992
0 2 5 8 p_value: 0.855135
0 2 3 4 6 7 8 9 p_value: 7.80144e-014
0 1 2 3 4 5 6 7 8 9 p_value: 1.55428e-037
0 1 2 4 8 9 p_value: 0.0748579
0 5 7 9 p_value: 0.0194712
0 3 5 7 8 9 p_value: 2.23219e-006
0 2 3 4 5 6 p_value: 0.0073325
0 3 4 5 8 p_value: 0.000730172
0 2 4 5 6 8 9 p_value: 2.80043e-006
0 1 2 3 4 5 6 7 8 p_value: 7.20532e-017
0 4 5 6 7 p_value: 5.48168e-008
0 1 2 7 9 p_value: 0.000130705
0 1 2 3 4 7 9 p_value: 0.0530646
0 2 8 p_value: 0.132983
0 1 6 8 9 p_value: 0.00625916
0 3 4 5 6 7 8 9 p_value: 2.23764e-008
0 1 2 3 4 5 6 7 8 p_value: 5.31248e-029
0 2 3 5 6 9 p_value: 0.00560698
0 3 6 7 8 9 p_value: 7.66802e-005
0 4 5 9 p_value: 0.095786
0 6 p_value: 0.78188
0 2 4 6 8 p_value: 0.655864
0 1 3 4 5 6 7 p_value: 0.00359781
0 1 2 7 9 p_value: 0.00419199
0 1 2 3 9 p_value: 0.148335
0 3 4 5 7 8 9 p_value: 1.06983e-005
0 2 7 9 p_value: 0.547741
0 1 2 8 p_value: 0.00113604

Dn = 0.303
Tab. value = 0.04
Mean = 0.101
Var = 0.039
Hypoteza se zamita
